10 15 1
12 13 1
12 25 1
15 16 1
15 34 1
15 39 1
17 23 1
17 46 1
17 50 1
17 52 1
19 23 1
19 25 1
19 28 1
19 36 1
20 23 1
20 40 1
20 42 1
20 45 1
23 25 1
23 31 1
23 35 1
23 46 1
23 47 1
23 48 1
23 49 1
23 50 1
23 52 1
23 56 1
24 25 1
24 31 1
24 33 1
24 35 1
25 31 1
25 35 1
25 46 1
25 56 1
28 32 1
28 33 1
28 36 1
29 31 1
29 35 1
30 33 1
31 33 1
31 34 1
31 35 1
31 37 1
32 33 1
33 34 1
33 35 1
34 35 1
34 36 1
34 45 1
34 50 1
35 58 1
37 38 1
37 39 1
37 43 1
37 45 1
39 43 1
39 55 1
4 14 1
4 6 1
40 41 1
40 42 1
40 45 1
41 42 1
41 45 1
42 45 1
44 51 1
46 47 1
46 48 1
46 50 1
46 51 1
47 48 1
47 50 1
48 52 1
5 13 1
5 20 1
5 23 1
50 52 1
55 61 1
6 14 1
8 11 1
8 37 1
8 40 1
8 42 1
8 45 1
9 25 1
