1 2 1
1 3 1
10 11 1
10 14 1
10 15 1
10 16 1
11 14 1
11 15 1
11 16 1
12 13 1
12 20 1
12 40 1
13 20 1
13 26 1
13 40 1
13 45 1
14 15 1
15 16 1
15 30 1
17 23 1
17 25 1
17 46 1
17 49 1
17 50 1
17 51 1
17 52 1
18 21 1
18 25 1
18 43 1
18 44 1
18 56 1
18 58 1
19 24 1
19 25 1
19 30 1
19 36 1
20 40 1
20 42 1
20 45 1
21 44 1
21 51 1
21 57 1
22 26 1
23 25 1
23 46 1
23 49 1
23 50 1
23 51 1
23 52 1
24 25 1
24 27 1
24 28 1
24 29 1
24 30 1
24 31 1
24 32 1
24 33 1
24 34 1
24 35 1
24 36 1
25 31 1
25 35 1
25 43 1
25 46 1
25 47 1
25 48 1
25 52 1
25 56 1
25 58 1
26 27 1
26 34 1
26 44 1
26 46 1
27 31 1
27 32 1
27 33 1
27 34 1
27 35 1
27 36 1
27 38 1
27 44 1
27 54 1
27 59 1
28 29 1
28 31 1
28 32 1
28 33 1
28 34 1
28 35 1
28 36 1
29 31 1
29 32 1
29 33 1
29 34 1
29 35 1
3 21 1
3 44 1
3 51 1
3 57 1
3 7 1
30 34 1
30 36 1
31 32 1
31 33 1
31 34 1
31 35 1
32 33 1
32 34 1
32 35 1
33 34 1
33 35 1
33 36 1
34 35 1
34 36 1
34 57 1
35 58 1
37 40 1
37 41 1
38 39 1
38 44 1
39 44 1
4 10 1
4 11 1
4 14 1
4 15 1
4 16 1
4 18 1
4 6 1
40 41 1
40 42 1
40 45 1
41 42 1
41 45 1
42 45 1
43 51 1
43 56 1
43 58 1
44 51 1
44 53 1
44 54 1
44 55 1
44 57 1
44 59 1
44 61 1
46 47 1
46 49 1
46 52 1
47 48 1
47 51 1
47 52 1
48 52 1
49 50 1
49 52 1
5 12 1
5 13 1
5 20 1
50 51 1
50 52 1
51 52 1
51 57 1
52 56 1
53 54 1
53 55 1
54 55 1
54 59 1
54 61 1
55 59 1
55 61 1
56 58 1
59 61 1
6 10 1
6 11 1
6 14 1
6 15 1
6 16 1
7 21 1
7 34 1
7 44 1
7 51 1
7 57 1
8 12 1
8 13 1
8 37 1
8 40 1
8 41 1
8 42 1
8 45 1
9 18 1
9 25 1
9 43 1
9 51 1
9 56 1
9 58 1
