10 11 1
10 14 1
10 15 1
10 16 1
11 13 1
11 15 1
11 16 1
11 18 1
11 21 1
11 26 1
11 34 1
11 46 1
11 60 1
12 13 1
12 20 1
13 18 1
13 20 1
13 22 1
13 26 1
13 40 1
13 45 1
13 46 1
15 34 1
17 23 1
17 46 1
17 51 1
18 21 1
18 44 1
18 51 1
19 26 1
19 44 1
2 11 1
2 12 1
2 18 1
2 21 1
2 37 1
2 40 1
2 41 1
2 5 1
2 51 1
2 7 1
2 8 1
20 40 1
20 42 1
20 45 1
21 40 1
21 41 1
21 44 1
21 46 1
21 51 1
21 57 1
21 58 1
21 60 1
23 46 1
23 47 1
23 48 1
23 49 1
23 50 1
23 51 1
23 52 1
24 26 1
24 31 1
24 32 1
25 46 1
25 51 1
25 56 1
26 27 1
26 28 1
26 30 1
26 31 1
26 32 1
26 33 1
26 34 1
26 36 1
26 37 1
26 44 1
27 36 1
27 44 1
28 32 1
29 35 1
3 11 1
3 21 1
3 44 1
3 46 1
3 51 1
3 57 1
3 6 1
3 7 1
3 9 1
30 32 1
30 36 1
31 34 1
31 35 1
31 38 1
31 41 1
31 44 1
32 33 1
33 44 1
34 36 1
34 44 1
34 46 1
35 44 1
36 44 1
37 40 1
37 41 1
37 42 1
37 45 1
38 44 1
38 54 1
38 59 1
39 44 1
39 55 1
4 11 1
4 14 1
4 6 1
4 7 1
40 41 1
40 42 1
40 45 1
41 42 1
41 45 1
42 45 1
43 51 1
44 51 1
44 53 1
44 54 1
44 55 1
44 57 1
44 59 1
44 61 1
46 47 1
46 48 1
46 49 1
46 51 1
46 52 1
47 48 1
47 51 1
48 51 1
5 12 1
5 13 1
5 20 1
5 21 1
5 22 1
50 51 1
50 52 1
51 52 1
51 56 1
51 57 1
51 58 1
53 55 1
54 56 1
55 61 1
6 11 1
6 14 1
6 18 1
6 21 1
6 35 1
6 51 1
6 7 1
7 10 1
7 11 1
7 15 1
7 16 1
7 18 1
7 19 1
7 20 1
7 21 1
7 26 1
7 28 1
7 29 1
7 30 1
7 31 1
7 32 1
7 33 1
7 34 1
7 35 1
7 36 1
7 39 1
7 44 1
7 46 1
7 51 1
7 57 1
8 11 1
8 13 1
8 19 1
8 21 1
8 26 1
8 34 1
8 37 1
8 40 1
8 41 1
8 42 1
8 45 1
9 51 1
