12 13 1
12 23 1
13 21 1
13 23 1
13 26 1
13 44 1
13 46 1
13 51 1
15 16 1
15 34 1
15 39 1
17 23 1
17 46 1
17 47 1
17 51 1
19 23 1
19 24 1
19 26 1
19 27 1
19 28 1
19 29 1
19 30 1
19 31 1
19 33 1
19 34 1
19 56 1
19 58 1
21 34 1
21 44 1
21 46 1
21 51 1
23 34 1
23 37 1
23 39 1
23 44 1
23 46 1
23 47 1
23 50 1
23 51 1
23 56 1
24 28 1
24 30 1
24 31 1
24 33 1
24 34 1
26 27 1
26 28 1
26 29 1
26 30 1
26 33 1
26 34 1
26 39 1
26 44 1
26 51 1
28 29 1
28 30 1
28 31 1
28 33 1
28 34 1
29 30 1
29 31 1
29 33 1
29 34 1
30 31 1
30 33 1
30 34 1
30 39 1
30 44 1
31 33 1
31 34 1
31 37 1
31 39 1
31 44 1
33 34 1
33 44 1
33 53 1
34 39 1
34 46 1
34 50 1
37 39 1
37 44 1
39 44 1
39 46 1
39 51 1
4 12 1
4 13 1
4 17 1
4 5 1
4 7 1
4 8 1
4 9 1
44 46 1
44 51 1
46 47 1
46 51 1
47 50 1
47 51 1
47 56 1
5 12 1
5 13 1
5 19 1
5 21 1
50 53 1
51 56 1
51 58 1
56 58 1
7 13 1
7 15 1
7 16 1
7 21 1
7 23 1
7 26 1
7 30 1
7 39 1
7 44 1
7 51 1
8 12 1
8 13 1
8 21 1
8 34 1
8 37 1
9 51 1
9 56 1
9 58 1
