13746 14470
10235 10239
1747 12392
8280 8282
2049 2050
6613 8096
2429 5162
14392 14393
6613 8098
4156 14388
919 921
10232 10249
127 4529
10737 10742
9651 10766
173 489
79 10736
1186 1939
6052 13924
1775 1776
10238 10251
5149 8096
2381 2384
291 295
5616 5618
4509 4510
11553 12127
5115 11207
2015 2018
636 1669
4461 4462
10736 10743
1054 1057
1505 1507
17 133
80 208
10128 10129
127 4530
2210 14306
11893 11896
509 2635
10346 10352
2853 4024
11639 11640
10345 10352
1215 1859
1040 1043
1611 3607
3475 5102
14291 14292
389 392
1503 1511
3173 3175
10606 10608
466 10904
1928 1930
5757 5758
6810 6811
5300 10612
946 947
10314 10315
3472 3473
3134 14319
3134 12844
946 5871
511 8229
10744 10745
4507 4511
3181 14307
3224 3225
326 329
1002 14470
1505 1511
3133 14321
6315 11887
7193 8280
121 1211
11891 11896
911 912
205 946
10133 10137
12043 12046
4516 4518
1002 3300
2161 6334
715 10136
1002 11136
10137 10138
3884 3885
12042 12044
11892 11895
10345 10349
10740 10741
2161 10312
8948 10592
1711 1712
8176 12186
2079 12179
62 10614
10242 10251
3156 5588
5949 5950
19 1244
9590 11232
5102 5105
3935 5039
479 12459
1051 1053
636 7178
312 4379
4099 8670
1206 10513
125 13423
14439 14440
180 183
1173 6993
578 14395
12392 14443
1924 1932
3516 3519
655 1042
5939 5940
11523 11525
1600 1601
10383 10384
10234 10251
7778 10736
125 10128
512 2464
5636 5639
774 1375
2020 6170
8773 12180
39 9865
10128 10133
10344 10350
325 331
219 1710
12082 12751
2717 8419
4508 4509
59 14332
9096 9097
4894 4896
1042 2060
14360 14361
7710 7711
934 4530
3159 7222
72 1911
719 14402
2014 3934
395 13788
510 512
313 3625
2999 8789
462 463
715 10129
3134 14321
698 699
201 203
3552 9591
1215 14288
1112 1113
1464 9636
3625 10740
270 298
8046 8051
10940 10941
6066 14430
636 1252
4012 4044
11136 11137
4753 4756
481 12372
511 9256
3301 3302
10230 10244
7947 7948
8228 8230
3250 7034
293 294
183 189
10236 10245
296 730
378 1114
635 636
188 190
10241 10247
2872 5409
8226 8531
2196 10583
10240 10248
14 1360
1474 7260
14272 14274
7992 7993
3426 5929
10228 10232
112 2397
14342 14344
7710 7713
9650 9651
715 10131
111 12846
330 333
5105 6371
655 1469
1304 14279
1055 1056
699 702
188 5660
1939 12688
636 7177
2942 5724
1740 2519
8505 10078
10232 10240
11694 11695
991 992
8046 8049
1927 1931
2732 2736
9590 9591
8947 10592
1810 1812
918 919
5948 5951
2275 3714
4962 10897
5904 5905
6628 14350
635 638
5396 10592
292 293
1644 1645
10237 10243
3848 5982
14404 14448
745 14388
9062 9064
2311 14451
2072 10768
1506 1511
1370 10583
715 10138
5000 5001
3426 3427
12257 12436
54 12774
5081 5082
219 6516
10348 10349
4023 4024
4809 6993
1997 1998
327 328
6052 6053
12179 12180
10742 10745
2772 4572
159 5082
3007 3011
4619 7472
12023 12026
10132 10136
462 3426
2902 2903
298 4086
1618 7276
898 12774
510 3228
468 4528
312 10738
124 10135
10240 10242
2397 8420
5928 5930
312 7778
627 4070
2454 5501
1504 1505
6628 14372
5617 5618
801 5280
990 14293
4938 7034
1042 2061
10903 10904
10229 10245
7213 7214
4838 6634
3475 3980
1469 1853
127 10138
125 13188
829 2878
373 14316
7811 14466
7710 7712
4723 4724
468 10137
2236 3761
2079 7730
7219 7408
5396 10591
5754 5758
2018 10982
10869 10870
2292 3730
2267 2269
2157 2160
591 1876
4044 4045
12082 12749
10239 10242
9650 10767
1109 14459
10610 10611
1819 2952
7214 7215
3156 5586
4755 4756
3133 14316
7192 8281
1477 13378
9939 9940
7219 10528
8229 8230
3733 14275
10228 10244
1122 6214
229 230
313 10742
12845 14272
1784 1786
1771 6683
466 1196
3733 14303
11094 11095
2397 9934
12006 12007
10229 10246
636 6037
2772 4571
801 9487
10234 10244
10983 10984
2843 6613
12005 12006
5791 10375
9520 9521
2733 2734
510 513
5929 5930
10581 10582
10230 10237
1468 14271
745 2910
1851 7907
8528 8530
13 886
2017 2018
127 10129
3250 4938
11910 11911
14316 14319
466 7713
10739 10741
9063 9064
12105 12106
5929 12374
1543 2001
4506 4510
73 625
293 4422
14292 14293
11891 11893
1892 3607
3549 3551
706 707
5904 8445
11694 11696
4507 4509
2770 2771
10247 10250
3746 3747
5377 7952
14271 14273
1645 1646
6635 6636
8530 8531
373 375
10734 10747
10245 10251
10236 10248
1853 1854
10241 10242
3625 10737
2159 5127
5927 5929
4505 4510
10131 10135
689 9009
12748 12751
10346 10348
124 715
4724 4725
745 4156
52 3190
3150 6517
990 992
9065 9069
183 188
947 983
10230 10238
180 2113
8947 10591
3760 3763
5931 8373
811 14240
14329 14333
7778 10740
79 10745
2937 2942
1269 4226
181 188
10737 10743
9008 9009
10743 10745
625 817
1291 7712
2048 2052
47 6600
6621 6623
10940 14325
8097 8099
1051 14365
699 14404
10232 10235
7678 7679
2001 2275
7680 7681
79 10735
10242 10247
13 983
11093 11094
10606 10607
1526 2220
708 3554
4568 10079
125 10137
10913 11028
10605 10608
10231 10249
10582 10583
636 4568
3301 12688
125 10131
2034 2035
578 14401
11892 11894
5927 5930
208 4802
10235 10251
4705 4706
1925 1927
1370 7613
6447 6448
10235 10245
638 1252
2248 3103
2016 3934
7613 10582
922 924
1050 3473
801 2614
7462 7465
14305 14307
10642 10644
3078 3313
916 921
745 5586
14396 14397
2519 9934
313 10735
2046 6551
511 1067
260 3699
10998 11002
1252 3848
2914 5871
1927 1929
1669 2000
79 3625
701 704
328 331
14036 14037
2941 2942
955 956
10231 10233
922 14292
219 3150
4252 4253
7483 9008
730 2368
9452 9454
10611 10614
2854 3739
7215 7216
2911 2913
6593 6595
10350 10351
4253 10397
4501 5038
1669 1996
2017 9320
1002 13746
59 14466
9651 10767
14332 14333
636 11093
10733 10744
3848 7891
6137 12595
10243 10245
79 10733
144 4662
226 4519
3103 11639
10644 10646
2635 9049
2672 3400
10243 10249
14308 14309
14036 14453
2503 5045
140 141
9066 9069
7811 14329
180 190
10343 10353
1376 4265
137 138
4193 14380
5722 5723
2872 7422
5924 5925
1371 2656
10313 10315
303 2078
2048 2051
12219 14362
8338 8340
1861 6214
1355 14473
14399 14401
7220 10528
1027 1599
700 701
8420 11028
1711 3619
696 697
124 10132
14348 14351
305 9878
2014 2015
2914 8357
5279 5283
14264 14266
9547 11206
7188 8281
123 11743
10999 11000
11394 11396
1222 2736
14353 14355
7211 7216
2079 3426
8701 8702
2018 9320
5755 5758
54 898
1067 6417
260 4265
14329 14331
992 3797
5300 10613
1371 1892
1097 1098
2842 2843
11552 11555
1114 14322
3477 5105
10453 14304
1042 1423
7975 11481
12023 12024
2046 3360
1509 1510
636 7180
2483 3934
122 14362
11028 11031
715 4510
313 10736
3173 3174
2143 2220
1002 11137
14396 14401
10738 10739
1854 14428
1263 14359
774 1374
10234 10243
52 1712
5636 5638
7276 8946
3553 3554
4760 4761
125 126
5637 5638
142 11116
909 2870
1291 7710
62 10613
14343 14344
2772 11093
13775 14453
6810 8701
3829 4969
512 2463
10133 10138
450 14395
1304 12392
10128 10134
1747 3849
10188 10189
770 771
410 10765
2014 2016
10607 10608
2519 11028
655 1043
2519 8420
1394 9875
8050 8051
1980 1982
5724 6620
13924 13925
6613 8097
1743 14403
10235 10236
7516 7517
11142 11143
10484 10485
1413 11031
2733 2735
3904 3905
6035 6036
172 1055
918 920
5931 5933
13413 14297
291 294
10346 10351
1892 3262
2015 2017
39 10640
10735 10741
14297 14300
10347 10350
389 391
10228 10250
655 1423
12845 14273
4049 9139
10734 10735
79 10739
1475 3399
10237 10250
397 4020
327 332
510 8229
10345 10353
2853 4025
1216 9839
44 159
2210 14307
4938 6634
133 1190
9423 9425
2518 2519
1999 2000
2937 2940
6628 6629
917 920
455 2907
1002 2457
2942 6810
492 814
9452 9453
7176 9671
10735 10736
14294 14295
512 6583
3472 3474
7193 8281
3625 10734
715 4505
9062 9067
36 12760
10374 10375
909 912
697 1684
10344 10346
801 6405
292 294
12042 12045
10128 10135
2630 5916
922 990
14414 14415
816 818
1996 4569
1475 2209
325 332
350 4570
6628 14351
10240 10245
4962 10898
10734 10736
5933 8373
12846 14272
9520 9522
2341 2343
10374 11093
10739 10742
4619 7471
7211 7212
4661 4662
7778 10735
14346 14347
14313 14314
6433 6434
946 14418
10733 10734
10439 10440
7212 7216
10229 10232
7178 7179
3224 9342
1505 1508
1211 12025
10742 10744
181 187
2841 2843
10736 10742
698 700
9635 9636
946 2495
7035 7179
1892 1893
4969 4970
331 333
298 4087
10132 10135
7778 10747
10345 10348
219 869
312 10737
9960 14402
121 7947
14415 14416
1927 1930
1504 1506
140 142
208 3075
10149 10150
1376 3930
9096 9098
9424 9425
375 377
14398 14400
172 862
4020 4021
10232 10243
1108 2245
703 705
10737 10741
7730 12185
1996 1999
1009 2316
6307 6308
1925 1931
1464 9637
13000 13243
3582 7015
5102 5103
5038 5039
2020 6171
3444 4919
58 59
10246 10248
2385 2386
9066 9070
715 10130
4507 4512
8864 9406
2495 3289
5930 10383
5982 11093
3848 7176
1506 1510
12038 12039
3552 9590
330 332
7176 7177
2018 10983
6066 14431
7212 7215
328 332
373 769
655 7586
10232 10248
8345 8346
79 10747
14263 14264
489 3427
3625 10741
10344 10353
10236 10250
11447 11449
5102 5104
10228 10233
1503 1512
635 637
10130 10136
2429 4620
10237 10242
10130 10131
180 182
1284 1285
185 187
1043 1423
3522 4771
305 11377
1055 1057
147 3185
1784 3214
1067 3582
715 10128
37 1304
10641 10646
184 189
636 7176
9546 11206
1370 10506
10348 10351
7192 7193
2236 12082
812 7248
9453 9454
8427 8429
2017 9321
12064 12065
3829 7950
1003 11136
412 8429
701 703
410 9651
4999 5001
10236 10247
10396 10397
5931 5932
7651 7652
3629 7601
1216 6852
10343 10349
10350 10352
10246 10249
1970 8826
144 4661
1711 3618
946 2908
1216 1859
636 14314
4507 4508
1543 2275
10611 10613
1851 7906
1252 1669
14348 14350
5523 8469
1009 2454
10231 10248
12748 12750
9671 10374
10743 10746
280 11268
625 818
374 375
1263 5867
12844 14271
5739 10079
124 10133
466 1359
511 1222
303 2077
709 1611
3934 9321
305 9877
7712 7713
2017 10983
10740 10742
10374 11095
1414 7204
133 573
298 1711
2454 5500
10233 10244
5755 5757
923 924
512 2732
10346 10347
12082 12084
1684 1685
3150 6516
8947 8948
3135 14315
5300 10610
2245 6139
1291 7711
182 183
492 495
11001 11002
6600 7950
4968 4969
10187 10190
2658 3104
12374 12375
4838 6635
9939 9941
10344 10354
7059 14258
1464 9934
373 14315
7213 7215
815 1313
2728 2729
2267 2268
6023 6024
706 758
10134 10135
3360 6551
11893 11894
9934 12035
14457 14458
14036 14452
9263 9265
6062 7315
10738 10745
6594 8420
462 2228
10349 10354
696 4951
1599 14461
946 6364
10228 10243
1771 6684
10129 10137
1611 10506
816 817
260 2209
922 14291
916 917
350 4569
3181 12372
2614 6405
11697 11698
650 2839
9424 9426
10742 10743
874 14396
557 14418
10129 10138
3517 3519
122 12219
12392 14279
7192 8282
992 2519
1510 1511
397 6899
10229 10247
152 153
329 330
1468 14272
12595 14283
375 378
7862 9960
10347 10353
3904 5002
455 557
2940 8701
9405 9406
1291 1599
6593 6594
5176 5177
12577 12772
8098 8099
480 5821
1924 1927
127 10130
11393 11396
7035 7178
10189 10190
7188 8280
127 3400
10243 10246
10604 10605
578 14400
10241 10244
909 2871
14297 14299
127 10135
636 11094
1050 3472
10739 10747
14297 14298
1475 1476
10733 10745
2938 2939
14395 14399
5683 5684
1252 3847
5616 5617
44 515
9635 9637
7627 7628
10313 10314
2381 2383
8825 8826
3582 9256
2490 11407
1076 3186
3617 3618
2040 2041
7211 7215
205 2079
125 10136
1222 2735
4505 4511
1022 13243
10239 10241
5377 7951
10453 13567
10131 10132
8339 8340
3845 3846
636 1747
5239 5240
1925 1930
5279 5282
2772 4569
10343 10354
14353 14354
14316 14318
7151 14446
59 14333
10238 10243
5618 7578
6052 13925
465 2160
2670 3399
1222 2734
2292 3731
463 2077
4462 4463
350 2772
10231 10232
2386 2905
1027 14461
397 6898
10228 10234
10232 10234
1996 7891
10238 10245
12960 13301
708 3555
8992 8993
11446 11449
10235 10250
1051 14366
373 14321
12082 12748
3008 3010
10346 10354
12219 14363
745 5587
54 6622
3475 5105
4256 4257
1003 11137
2770 2772
715 4506
10483 10484
12043 12044
6065 6067
1370 10582
7613 10581
2051 2052
373 3701
1599 1771
125 10130
323 2907
226 4391
8869 9010
715 12960
2912 2913
10963 10964
468 10136
1892 2656
3103 11640
2020 2022
10230 10236
11891 11894
2670 7250
14275 14276
10735 10742
10248 10251
7448 7449
1269 4227
147 3186
1747 14443
1835 1837
1506 1508
1067 9256
219 1540
3510 3929
172 1054
10241 10251
7679 7680
638 3849
120 14298
967 13188
373 378
395 13786
801 5282
491 496
2121 9546
5241 9531
10234 10241
10130 10132
6628 14352
1599 7710
7730 12184
1939 1940
52 272
636 5982
1669 1998
10344 10345
650 651
11695 11696
1375 14294
513 2734
1892 10582
10746 10747
2942 5722
294 295
3625 10742
1468 12845
12749 12750
10230 10243
180 185
4938 6635
4660 4661
862 1057
3847 3849
7582 7584
388 391
1370 3607
2434 14404
515 2745
1211 10612
917 921
14330 14332
10610 10612
10348 10350
3156 9928
4620 7472
636 3848
10591 10593
990 14291
317 12082
2940 6810
2196 7613
636 7179
6811 14475
10128 10136
4252 10396
112 3156
1540 6517
10374 11094
910 2870
9671 11095
133 11823
10234 10242
45 3829
12023 12025
10745 10747
1924 1930
7188 8279
3476 5102
10230 10234
3190 3191
466 10905
10733 10735
3730 3731
3440 3441
13 323
2940 2942
3848 10374
202 203
10997 11001
5722 5725
124 10138
2434 14448
5949 6448
7114 7115
4365 6066
946 14419
1743 1747
10962 10964
8225 8226
10232 10251
7187 7191
7483 9009
172 2366
511 7015
7189 7190
3848 9671
10239 10251
5982 11094
10343 10344
14415 14417
493 815
801 6406
323 557
2236 12084
14330 14466
2047 2049
511 2733
14328 14329
10345 10350
154 303
127 4528
557 14393
3934 9320
1040 1041
13413 14298
62 10609
829 1543
7193 8282
578 14398
14343 14345
10609 10612
5409 7422
709 1892
1215 14287
124 10131
465 2159
1244 2161
5282 5283
1009 9793
62 10612
8225 8531
1684 4951
1394 6517
702 703
2049 2052
745 4152
1206 4464
468 10129
10737 10744
2014 2484
10231 10251
260 9531
59 14329
10233 10238
301 302
1370 7090
300 1456
1413 11030
112 8725
147 1076
3444 4921
14459 14460
1067 7905
10609 10611
79 313
10244 10245
10236 10240
8049 8050
325 326
9941 9942
715 4508
184 188
829 4461
10744 10747
11892 11893
3846 5982
1669 3848
10230 10239
6810 8702
2311 13775
1304 2001
10243 10247
2431 3075
10236 10238
1196 3184
12748 12749
468 933
2041 8948
4506 4511
38 1304
874 14401
14289 14290
9139 9140
10315 10316
10248 10249
139 141
6052 10131
4838 6214
11552 11554
5377 14372
1375 14295
14396 14400
3848 11094
2772 11094
1709 3619
1853 8870
11448 11449
10735 10737
120 13413
4619 11838
388 389
3797 8176
1263 14358
10233 10250
4969 6600
8047 8050
8059 8060
14414 14417
991 2518
10858 10859
120 14300
270 4087
7778 10738
7212 7214
4512 8060
3156 11143
313 10733
2060 2061
73 817
10344 10352
10237 10251
507 14451
10243 10251
3935 5038
8419 8420
5102 6371
10229 10231
8700 8701
10736 10741
375 376
492 494
698 11209
1505 1509
1911 10142
450 14396
1468 1469
771 8789
9545 9548
2397 6594
910 911
313 10740
10742 10746
331 332
1475 2210
142 1526
4568 4570
5410 5411
125 10135
655 2087
1747 3846
715 4511
159 1414
7059 14260
4152 11497
8692 9934
182 185
4070 4071
313 10747
6065 6066
8992 8994
10238 10244
172 12960
4013 4014
10239 10248
312 10747
1859 1860
5087 11912
10244 10251
4506 4512
121 12025
10194 10195
373 3133
7221 7222
173 490
1222 2733
1370 1371
10131 14381
3733 3734
111 14273
133 3353
1747 3845
7222 7223
465 2157
10238 10246
2014 2017
10237 10241
8913 8914
10242 10245
3304 10472
14438 14440
79 10737
10733 10742
10349 10352
305 2269
3617 3619
11028 11029
10738 10746
373 1730
808 2717
11686 11687
10135 10138
373 1469
79 10740
72 317
3846 3847
144 4660
1924 1929
13413 14299
3699 6299
4999 5000
4920 4921
2210 5239
2939 5722
913 6214
5724 14415
4252 10397
185 186
4620 5767
1996 2772
6052 14381
869 1710
10998 11000
7188 8282
812 2343
719 9960
1924 1926
2670 7249
1979 1982
1685 1686
465 2158
1394 6516
182 189
1770 1771
7778 10742
39 2516
10643 10646
3438 3441
955 2952
10231 10236
124 10130
5149 8099
511 2732
39 9866
395 13787
10133 10135
468 10128
219 1861
10642 10646
2025 4354
10241 10243
1215 1216
557 14434
6628 14348
14306 14307
992 12186
3930 4265
11687 11688
9066 9067
14272 14273
1811 1812
226 585
481 1621
511 11010
1251 1252
3444 4920
14336 14337
1925 1929
6405 6406
1252 3846
4705 4707
5279 5281
5976 11553
1067 7907
2014 2483
11480 11482
123 12219
946 5996
5239 5241
2047 2048
9522 9523
2907 14393
3103 14385
9546 9548
12045 12046
699 11209
10233 10245
9939 9942
2658 3103
814 815
432 1049
5498 13921
1308 2823
2161 3101
869 1540
975 14151
492 496
10581 10583
10741 10747
10347 10354
1785 1786
2016 2484
4509 4512
2236 3760
5280 5282
2741 3085
378 14323
2772 4570
124 967
9520 9523
1740 2518
1009 5500
12082 12750
1050 1051
2942 8701
916 920
10240 10241
5112 5113
181 183
11029 11030
6036 6037
14262 14267
10230 10235
10129 10136
4696 6457
2942 8702
10234 10235
2367 3733
303 1935
557 3289
3904 5001
1370 2656
1474 2209
1709 1711
1647 2411
9063 9065
14474 14475
12024 12025
10739 10743
326 327
2158 2160
3904 5000
306 9877
327 331
466 1599
11891 11895
715 1360
2841 2854
2733 2736
10228 10242
5949 5951
1469 4305
11524 11525
689 7483
933 4529
3475 5104
4968 4970
1469 3264
1666 1667
874 14395
2236 3763
1892 2196
260 2210
510 511
511 513
14349 14352
745 2913
10349 10353
4619 5767
123 2903
8379 8380
5300 10609
390 392
745 14437
990 14292
3477 5104
12372 14305
10733 10736
10241 10249
1469 4306
1371 1893
636 2770
2196 10582
10229 10248
9062 9066
1216 1858
5844 5845
10240 10246
4481 6623
8773 12179
10734 10740
302 304
8225 9854
5396 10593
1097 1853
1999 2771
7187 7188
3075 3078
10235 10243
5929 14251
5928 5929
373 14319
2366 2367
808 10605
1511 1512
10641 10643
323 983
2772 4568
510 8227
12844 14272
2343 7248
10737 10745
4365 14430
1469 5916
3150 6518
2050 2052
5849 7428
3625 10739
183 186
6594 11028
3618 14478
1819 2954
182 184
1996 4572
108 11911
3134 3135
494 495
9068 9069
636 1251
38 1747
1370 10581
512 14383
636 3847
8338 8339
7678 7680
388 390
10314 10316
1113 1114
14362 14363
4086 4154
10230 10242
297 698
4511 4512
2999 8790
10605 10606
7778 10745
11447 11536
8281 8282
7188 8278
1476 1477
62 4837
2614 6406
3930 6044
260 6044
1540 6516
2079 12180
507 14036
715 10137
1259 12025
14330 14333
9671 11094
1876 2385
14339 14340
2817 2818
10997 11000
10738 10747
10130 10138
10228 10235
12844 14316
5498 14281
2732 2735
54 12773
762 5704
808 10607
1098 10271
463 2078
13786 13787
839 1668
10239 10250
4508 4510
8049 8051
123 14362
626 2907
312 4844
10344 10348
9063 9066
10610 10613
123 14363
2077 2078
13775 14036
10736 10737
4265 6044
7169 7170
578 14396
4568 5739
10740 10746
3477 3980
123 1667
1003 2430
12392 14442
869 1861
811 7517
10238 10250
1222 2732
7137 7138
37 12392
8505 14324
6628 14373
3848 11095
4707 4708
2210 12372
10351 10353
1474 1477
3882 3883
7189 7193
1002 1003
312 10739
313 7778
10240 10243
698 702
8700 8702
765 7314
1173 4809
12846 14271
7730 12183
1997 2000
481 3212
185 190
1468 12844
636 3849
17 3353
718 9960
2940 6811
718 719
10234 10240
5498 5499
4512 8058
557 3973
14264 14265
10130 10133
5689 5690
1002 3299
7247 7248
848 14365
2841 3739
10734 10742
4501 5040
1911 2824
124 13188
468 709
11198 11199
312 3625
3552 9592
10237 10240
769 1116
967 13423
3521 4771
510 6416
10738 10740
73 4461
14354 14355
205 5996
700 704
159 745
10348 10353
4721 4722
1050 3474
4517 4518
1211 10613
10240 10249
9097 9098
133 11822
54 6623
391 392
10238 10247
2311 14036
9311 11497
1861 2543
306 9876
4660 4662
1008 5498
12749 12751
388 392
139 142
1263 4769
1669 3847
1892 10583
3625 10743
3133 3134
5042 5043
695 697
10740 10743
10128 10130
1468 12846
874 14400
1711 3191
9612 14420
701 705
1812 1813
9545 9547
2772 11095
184 187
992 2518
10233 10251
3135 14316
270 4086
10344 10351
142 1527
6644 8483
1709 3618
14395 14396
3438 3440
468 10135
73 818
180 184
5000 5002
10735 10738
313 10734
1924 1931
4938 6214
11523 11524
4938 6636
5038 5040
3134 14318
9934 10913
462 464
5584 5588
1516 5411
4938 6637
13292 14283
1747 9082
1611 11032
172 2367
1939 2341
62 10611
1190 11822
934 4528
886 983
7905 7906
507 14452
11267 11268
8529 8530
1503 1509
10231 10238
2453 2454
6659 6660
1310 1311
3748 3749
3625 10736
3517 3518
1394 3150
295 4422
929 9873
10438 10439
801 5281
13775 14037
715 4512
910 912
13812 14072
1464 2519
10735 10743
10231 10245
7220 8426
10235 10238
6613 8099
702 704
10347 10352
511 2734
14438 14439
39 10639
125 127
1226 2615
2121 9545
12844 14273
493 814
7464 7465
468 934
201 202
2268 2269
1112 1114
801 1464
5617 7579
297 323
1394 6518
7975 11482
14319 14320
59 14328
1929 1930
578 14397
2672 2673
5982 10374
10233 10242
636 7891
5929 10383
12644 12680
7219 7220
1503 1510
4506 4508
303 463
6272 6273
11393 11394
112 8420
9320 9321
10609 10610
715 4507
1509 1512
2614 2615
1354 8447
493 496
5149 8098
1514 5410
10744 10746
4152 9311
1926 1927
466 10883
10345 10351
1186 2677
14397 14400
10245 10249
2079 8773
5634 5635
2209 9531
934 4529
481 14305
10739 10744
350 636
10243 10244
1098 9955
2209 5241
10231 10239
468 4529
492 1313
11028 11030
1649 11447
699 701
706 708
945 3474
2079 8357
1291 1359
10349 10351
4505 4512
1252 3845
12436 12688
1109 14460
7471 7472
317 12748
2196 10581
10642 10643
317 1911
1043 2630
1211 10609
2734 2736
929 1444
3156 11142
2906 2908
10243 10248
9068 9070
489 2079
9555 10195
9940 9942
6628 14349
7811 14328
1980 1981
1925 1932
7015 9256
2907 14392
108 11910
80 471
4705 4708
183 187
557 14392
378 14322
5279 5280
1354 8448
992 2012
3007 3010
2041 10591
11209 14404
2079 3427
7213 7216
272 3191
9546 9547
3522 6742
139 140
557 983
1811 1813
10395 10396
1003 10323
9066 9068
3133 14319
557 12711
180 187
1186 2343
5871 5996
127 10132
468 10134
80 515
127 10137
7613 10583
10766 10767
959 2658
123 1666
6621 6622
636 6035
1186 1188
435 3492
123 2902
10737 10738
9454 9455
457 8891
10232 10241
182 186
260 1376
816 1317
510 8228
1116 1370
1931 1932
9067 9070
10244 10250
5044 5045
2048 2050
125 10134
8097 8098
5724 14416
1516 5410
4753 4755
79 10738
10740 10744
3010 3011
5281 5282
5724 14414
507 13775
10235 10244
1245 2248
326 328
14396 14398
10737 10739
1924 1928
9062 9069
7151 14404
6137 13292
10239 10247
959 3103
185 189
312 10734
3475 5103
933 4528
14273 14274
7462 7464
328 330
2910 2913
13 297
14342 14345
10228 10236
10733 10743
2015 2016
121 12026
1504 1511
10236 10237
219 6518
10250 10251
481 2210
14447 14448
12024 12026
695 1685
10643 10645
10347 10348
2614 9488
2017 10982
5104 6371
2582 2583
305 308
2841 2842
10322 10323
4012 4014
2772 10374
172 715
2397 2398
1747 14442
10733 10737
1667 2902
638 839
10229 10241
5929 12375
2937 2939
10242 10248
1216 1860
52 3191
917 918
1819 2953
2014 2018
10132 10134
5187 5188
38 14403
1599 7711
636 1668
7212 7213
5949 6447
5927 5928
4365 14431
2717 8420
808 10606
14404 14447
920 921
2032 2033
1259 12023
10734 10741
1710 1861
2937 2941
4723 4725
4464 10513
709 6797
14348 14352
698 14404
260 5621
1998 2000
745 12967
3133 3135
5923 5926
2938 2942
19 10312
10999 11001
181 189
10741 10746
4894 4895
555 13921
3225 4620
9063 9070
47 4969
4509 4511
10230 10249
47 7950
829 2879
946 2914
1507 1509
1569 1570
10962 10965
79 10742
10245 10250
3733 14276
350 4572
8531 10505
181 182
439 7730
10131 10134
481 14151
1325 6128
14472 14473
1507 1512
435 1049
1940 12688
1508 1509
10346 10349
5767 7471
636 6036
10236 10242
10129 10135
4969 7950
489 490
7249 9837
10229 10239
325 333
2953 2955
8420 11031
2016 2483
2382 2384
8226 10505
37 44
1568 1570
125 709
636 3845
1892 6797
12845 14271
1041 1423
1050 1052
1216 6853
5112 14338
874 14398
2022 6171
2771 2772
329 333
922 14293
159 1304
1291 3184
7168 7169
4243 6585
317 12751
8280 8281
11030 11031
5280 5283
4508 4511
7975 11480
10229 10238
801 9488
10228 10241
2196 7614
1252 3849
14316 14317
1784 1785
695 1684
14331 14332
2938 2941
1507 1508
4722 4723
568 2635
689 9008
946 8357
1669 1999
933 4530
689 2025
1136 2734
308 2268
2016 2018
1003 14470
1996 4570
5617 7578
8344 8345
4759 4761
10129 10133
10734 10743
1070 1071
10229 10230
12791 14420
418 8685
2236 3751
14317 14318
1477 14427
4568 7179
39 412
8227 8229
10733 10747
14446 14447
866 1141
2907 14391
127 10134
3846 9671
11696 11698
1477 14458
2079 5871
6642 6644
745 2911
578 874
3625 10733
12844 14274
2017 3934
10350 10354
493 1313
2942 8700
9062 9070
9545 11206
10239 10245
219 6517
5001 5025
10643 10644
2431 3313
4506 4509
7678 7681
1277 1278
636 2771
703 704
270 4154
2906 2907
9339 9340
14442 14443
10238 10248
127 468
1456 7813
2635 2636
10605 10607
2952 2954
2050 2051
14349 14350
8048 8050
1526 2143
7035 7180
3426 12374
696 1684
5104 5105
10230 10233
10592 10593
4012 5860
125 967
10237 10248
186 188
636 839
5867 14358
3550 3552
10229 10237
279 2079
2311 14037
6683 6684
1413 11029
253 254
329 331
45 47
10134 10138
10737 10747
512 5588
4753 4754
14372 14373
8058 8059
5843 5845
481 14306
9065 9066
9379 9381
1190 11823
2733 6023
4837 12035
933 934
9545 9546
12844 14315
112 14383
1506 1512
14342 14343
1374 1375
5396 8948
9063 9067
9650 10766
181 184
8096 8099
10244 10247
373 3135
10344 10347
10739 10745
125 10132
181 190
121 12023
3553 3555
718 14402
6416 11010
917 919
10241 10246
390 391
304 3108
555 556
13774 13775
111 7315
313 10739
10234 10238
5931 8374
3935 5040
5378 7951
439 12183
1122 1861
3400 7249
435 6468
7905 7907
1747 3848
4568 4572
10641 10645
1114 14323
515 1277
1226 2614
4152 7611
1211 12023
1543 4461
1568 1569
3399 7249
959 2248
10231 10244
373 1468
764 765
9082 14442
4512 8059
1110 1111
312 10745
205 2914
9934 11028
1116 1853
3846 7176
4152 4156
10229 10250
8420 11029
10133 10136
54 4481
5923 5925
3729 3731
995 6164
1370 10507
2454 5499
1475 1477
1997 1999
2434 14446
839 6037
5500 5501
466 3184
11554 11555
1109 1111
1599 7712
19 2162
708 757
1259 7947
9065 9070
765 766
10236 10251
700 705
14451 14453
182 187
5584 5587
14358 14359
10131 10136
1374 14294
1211 6642
636 10374
8058 8060
10735 10744
7188 7190
293 295
14265 14266
9064 9067
10129 10134
801 9636
11822 11823
1669 3846
10240 10250
317 12750
699 703
1002 2430
636 7035
7778 10744
466 7711
159 7204
2952 2955
10733 10740
1504 1512
111 14271
1014 1206
3516 3518
604 8064
1304 2344
510 2121
557 626
2041 10592
10343 10350
10239 10240
12005 12007
312 10736
3476 5104
10343 10346
13038 14367
199 4382
9521 9523
14365 14366
7778 10739
1861 9875
7463 7465
10247 10249
638 1668
1116 1893
325 329
323 886
1526 1527
313 10745
557 14419
955 1819
4481 6622
10997 10999
298 3190
1186 2342
10233 10243
1474 1475
1997 7176
1683 1730
3141 9340
1003 3299
557 946
10484 10486
557 14391
1185 1188
466 1291
468 10133
272 1711
10135 10137
2843 8099
1668 6037
7862 7863
10231 10241
10740 10747
312 10740
1599 1601
638 1669
702 705
573 2697
10230 10248
12042 12043
10736 10738
327 333
636 1997
1503 1507
142 2398
11093 11095
123 240
2939 5724
4568 4571
6852 6853
52 1711
19 6334
159 212
208 473
512 745
10128 10137
10236 10241
7778 10737
1216 10720
637 638
14462 14463
80 4364
2210 3181
769 8870
2772 3848
5030 5031
7628 7629
636 2000
6214 6634
4568 7891
312 10733
205 8357
1503 1506
172 1360
2429 3225
5927 10384
479 3360
4895 4896
6810 6812
1926 1929
5103 6371
2843 5149
6634 6636
8286 8338
2953 2954
481 975
3492 6468
4569 4571
10733 10738
184 190
2017 2484
636 1998
1109 14364
7811 14330
1022 13000
187 189
14315 14318
124 126
208 3313
10740 10745
59 14330
2121 9547
10736 10740
4893 4896
479 480
7192 8278
125 12401
2411 12782
909 911
1125 2429
2015 2483
3848 3849
125 1892
399 3549
5932 8373
1611 10507
769 4306
1122 8038
79 312
511 6416
1040 1042
7517 14240
1743 12760
2908 14434
2398 11116
1211 10614
2635 13767
7179 7181
655 14282
9064 9068
5024 5025
1114 9098
1979 1981
12044 12046
1508 1512
9062 9068
1543 1545
14395 14401
1687 1688
3303 3304
10230 10241
1926 1930
13812 14071
1774 1775
123 9138
591 2386
2018 9321
2143 2144
14451 14452
8529 8531
205 5871
2772 9671
10233 10249
507 14453
12025 12026
1185 1186
1003 10322
2940 8700
745 5584
6643 6644
10246 10250
14404 14446
10736 10747
450 14397
2014 10983
626 946
13413 14300
3918 3919
7947 12023
1599 6683
4505 4506
9069 9070
5188 5189
120 121
450 578
5023 5025
491 493
5187 5189
955 2953
2483 2484
3520 3522
1891 1893
1668 1669
3733 14379
493 494
79 10741
9940 9941
1540 6518
862 1055
9064 9065
3549 3550
11446 11447
10234 10249
634 946
80 557
10228 10237
10235 10241
636 4570
124 10136
14303 14379
5754 5755
14464 14465
2671 2673
4510 4511
305 2267
715 10135
1186 3188
626 3734
14328 14332
626 3733
10243 10250
1456 9355
967 12401
2244 2245
373 376
2077 2080
14351 14352
4508 4512
1507 1510
7249 9838
3904 5023
5103 5105
373 14320
3625 10744
10235 10248
9876 9877
2209 5240
5724 5725
10913 14371
5001 5733
10233 10240
4086 4087
7249 7250
3845 3849
698 703
185 188
13960 14281
3477 5103
10130 10134
10228 10230
10232 10237
638 3848
260 5241
2022 6170
11695 11697
745 14262
2164 2165
5871 8357
10232 10247
3007 3009
1475 7260
7189 7192
1475 13378
7730 12162
10485 10486
3107 3108
6516 6517
308 2269
10232 10250
1599 8104
10734 10739
5924 5926
1310 1312
5586 5588
279 489
189 190
432 6468
11449 11536
254 255
2734 2735
8789 8790
10351 10354
10741 10743
10883 10905
4014 4045
10998 10999
190 2113
183 185
12184 12185
111 12844
3905 5001
14258 14260
7679 7681
208 2431
10610 10614
13786 13788
3225 4619
591 2905
745 4227
2047 2050
4721 4724
4461 4463
7214 7216
7191 7192
10897 10898
1711 3190
869 6518
6416 6417
8047 8049
2732 3156
1911 2825
291 292
8046 8050
694 696
10395 10397
180 186
1211 6643
10132 10133
636 4572
1477 14457
5867 14359
17 573
8420 11030
4100 8670
1925 1926
12082 14290
13921 14281
10230 10232
8047 8051
305 306
874 14397
14329 14330
811 14268
3935 4502
10236 10244
512 5587
127 260
127 967
5584 5586
9082 14443
481 14307
5281 5283
4754 4755
848 849
14301 14302
5377 14373
765 1186
313 10746
2236 12083
5638 5639
10241 10245
10645 10646
1211 12024
10245 10248
2495 2908
8692 14441
839 6036
1599 7713
412 8428
1136 2733
3439 3440
869 1394
90 676
2210 9531
468 4530
1819 2955
3935 4501
10343 10345
655 2630
9379 9380
306 308
515 1276
10963 10965
326 333
10742 10747
10962 10963
10237 10247
2614 9487
7730 8773
9636 9637
625 626
1374 14295
6636 6637
7811 14333
8286 8340
5843 5844
3885 7618
14349 14351
2636 13767
14316 14320
4505 4507
44 1414
511 1125
10999 11002
985 5194
450 874
350 4568
10231 10247
599 3188
707 708
10228 10247
8227 8228
10233 10239
984 985
1109 1110
1893 2196
2907 2908
8227 8230
10346 10350
14331 14333
10228 10240
10350 10353
634 2908
599 1186
1996 4571
1876 2905
3301 12257
1003 2457
2121 3228
636 4571
585 2035
699 704
127 715
1810 1811
10738 10741
79 10744
4759 4760
13243 14341
326 332
1669 1997
301 303
10238 10240
5925 5926
38 12760
2843 8098
10735 10745
10229 10242
1667 2903
6642 6643
14320 14321
7463 7464
12844 14318
4999 5002
4620 7471
301 3108
124 127
10999 11003
1097 6308
2670 3400
9487 9488
3225 9342
10904 10905
10231 10250
3174 3175
10349 10350
3475 6371
5791 10374
3475 3476
7059 14259
8278 8279
10438 10440
769 4305
10228 10249
10343 10351
3905 5025
127 10131
1413 8420
1526 2144
8947 10593
14414 14416
2729 2730
694 697
14418 14419
1136 1222
3848 11093
1999 2772
4049 9140
2245 14324
12595 13292
1854 9720
12247 12753
945 3472
5587 5588
312 10735
14350 14352
2018 2483
10642 10645
3473 3474
10244 10246
3516 3517
3846 11095
885 2368
1114 9097
10228 10231
468 10132
297 886
1892 10507
4501 4502
377 378
4837 9934
4769 14359
6811 14474
2772 5982
2911 2912
3400 7250
694 4951
36 1743
2910 2912
2342 2343
306 9878
10739 10746
557 947
3289 6364
7187 7192
1543 3714
10135 10136
10997 10998
10246 10251
463 464
9063 9068
4769 14358
2159 2160
1668 6036
14298 14299
1506 1509
568 2636
510 3582
1464 11028
10234 10239
127 13188
5923 5924
1022 14341
2454 5498
10733 10739
10238 10249
10609 10613
1649 11446
3299 3300
801 9635
439 12184
7180 7181
3520 3521
695 4951
14310 14311
7188 7192
848 1051
9548 11206
36 1747
708 758
1978 1982
121 12024
1508 1510
1067 7906
5396 8947
253 255
651 2839
557 625
10228 10238
2772 7176
10739 10740
9453 9455
7188 7191
1468 14273
10733 10741
2161 2162
6516 6518
73 2879
19 2161
120 14299
862 1056
10131 10137
301 3107
5616 7578
305 2268
489 2869
1669 3845
5767 7472
14263 14265
14330 14331
2870 2871
1276 1278
312 10746
5001 5023
466 7712
1514 1516
466 1520
745 1771
378 1113
182 188
2824 2825
7179 7180
7947 12026
1926 1931
1647 12782
1504 1509
7077 7078
1996 3848
655 5916
10233 10236
1599 6684
9591 9592
808 10604
7778 10741
12044 12045
491 492
3847 3848
2735 2736
373 3700
3008 3011
272 298
10237 10249
700 702
4501 5039
127 10128
2292 3729
10232 10246
1508 1511
1999 2770
2908 3289
1978 1979
450 14398
1684 1686
14309 14376
399 3552
10734 10744
1067 7015
10737 10746
605 1394
10736 10746
12183 12185
848 14366
494 496
10128 10138
6052 10940
8948 10593
955 2954
493 495
698 704
125 715
1876 2386
3905 5024
1599 1600
1996 2000
1211 5300
9354 9355
5637 5639
73 829
1891 1892
11447 11448
5754 5757
10613 10614
6214 6635
9065 9068
301 304
9423 9424
10236 10239
11894 11896
5948 5949
373 3134
1136 2732
1979 1980
4510 4512
10134 10136
715 4509
124 10137
2209 2210
2908 6364
1098 1853
2728 2730
1456 9354
1413 11028
180 189
5498 5500
626 12711
479 5821
9263 9264
4506 4507
4893 4894
10242 10246
5139 5929
1186 2341
10735 10739
10736 10739
159 5081
5139 14251
3625 10738
350 1996
3134 14317
3301 12436
5756 5758
1927 1932
5149 6613
5498 5501
6810 8700
7811 14331
450 14399
1211 7947
578 14399
6634 6637
10235 10249
14315 14316
219 1394
10229 10236
297 983
511 512
4529 4530
7416 7992
10743 10744
124 468
8135 14428
14315 14317
991 2519
80 89
38 12392
10765 10766
2015 2484
3796 3797
4569 4570
12082 14289
279 3426
389 390
636 1996
1503 1508
1545 2275
2158 2159
3477 5102
4721 4723
410 9650
7189 7191
188 2113
3476 5103
184 2113
10233 10248
695 1686
14430 14431
2429 3629
8286 8339
510 1136
10240 10247
11695 11698
323 626
12750 14290
10591 10592
186 189
10231 10237
1122 2543
7191 7193
9877 9878
6622 6623
14397 14398
6271 6274
3625 7778
715 13301
1649 11449
10132 10138
10738 10742
14366 14405
511 2735
5950 6448
5722 5724
8344 8346
10129 10132
296 886
898 12773
512 3156
2245 8505
10348 10352
4014 4044
14397 14399
694 1684
1370 2196
7192 8280
6659 6661
8187 8188
10997 11003
636 3846
14410 14460
39 8427
62 5300
869 6517
2940 6812
2041 10593
14287 14288
5378 7952
10245 10247
2079 2914
2048 2049
47 3829
1928 1932
1259 12024
8047 8048
3399 3400
11028 14371
1601 8104
1892 7613
54 6621
698 701
2210 14305
184 186
715 10134
7778 10746
650 2206
208 3078
1611 11529
14036 14451
11000 11003
14298 14300
706 757
14 12960
745 14267
12772 13935
745 5585
8225 10505
1477 14456
1514 5411
10188 10190
2382 2383
10641 10642
510 6417
38 14279
111 14274
2014 10984
638 3847
10234 10248
5280 5281
3438 3439
432 3492
1621 3212
6811 6812
626 818
59 14331
801 5283
1892 9648
10244 10249
1611 6797
1423 1687
184 5660
4252 10395
6898 6899
2636 9049
1475 7259
2025 7483
6594 6595
513 2735
3761 3762
373 377
5929 10384
1325 2088
1215 1858
7219 8426
8528 8529
10230 10240
14071 14072
306 11377
848 14405
3439 3441
869 3150
3625 10745
10130 10135
10232 10236
10235 10242
479 1319
10348 10354
1892 7614
699 705
2910 2911
11394 11395
1076 3185
127 933
3845 3848
10609 10614
80 1623
10232 10233
10231 10235
11000 11002
14316 14321
10239 10244
5755 5756
327 330
7711 7712
10229 10251
945 1050
3829 6600
10133 10134
9651 10765
745 5588
180 5660
3904 5025
1649 8913
306 2268
2014 9320
10941 10942
6643 8483
3302 3304
79 10743
704 705
272 3190
11696 11697
1370 1611
10735 10746
1747 14403
4226 4227
7462 7463
10736 10745
5616 7579
10234 10236
2672 3399
636 7181
4379 4844
10078 14324
14418 14434
10241 10250
757 758
5723 5725
1211 10610
4505 4508
13787 13788
10611 10612
896 12064
2343 7247
330 331
10228 10251
1669 3849
1981 1982
12844 12845
771 2999
9671 11093
2018 2484
7188 7193
1924 1925
480 1319
946 14434
10131 10138
229 2011
108 1289
5377 6628
8048 8049
697 1686
10232 10242
11393 11395
10233 10246
3135 14318
297 730
125 3400
1014 1015
694 695
13921 13960
8279 8280
10231 10243
10506 10507
14240 14268
1360 12960
14329 14332
2543 6214
8228 8229
1853 12740
1861 8038
325 327
313 4379
10229 10235
468 10131
10343 10352
10187 10188
14395 14398
6271 6272
946 2079
2157 2158
3156 5584
874 14399
127 10136
5136 5137
10229 10240
3476 6371
7583 7584
2457 3300
1009 5499
9837 9838
1394 1861
4012 5837
14397 14401
10238 10239
2954 2955
729 6551
1503 1504
839 6035
10612 10613
10604 10608
511 2736
4253 10395
10237 10238
12083 12084
39 995
2670 2671
12644 14154
3476 3477
701 702
11553 11555
7151 14447
3521 3522
10605 14463
808 10608
313 10743
7190 7191
6742 6743
14350 14351
1892 10506
312 10742
4722 4725
14410 14459
10228 10248
3625 10735
924 13746
2772 3846
4706 4707
3625 10747
5103 5104
490 2869
12459 13045
3582 6417
10347 10351
2299 2300
12082 12083
7259 7260
4838 6636
7611 9311
14263 14266
10249 10251
10998 11001
14277 14278
52 298
11001 11003
124 10128
180 188
326 331
1008 1009
916 919
280 11267
10249 10250
512 513
6035 6037
626 3973
14456 14457
10743 10747
7187 7189
636 14313
10229 10243
37 38
1136 2736
745 3156
7627 7629
10230 10231
3475 3477
1468 14274
1618 8946
638 1747
10765 10767
465 5127
2843 8097
1370 1892
73 2878
1444 9873
2311 14453
378 1112
1116 3607
636 11095
312 10743
12750 14289
7578 7579
12748 14289
10238 10241
2210 5241
3762 3763
10228 10246
9865 9866
6306 6308
350 4571
9547 9548
312 313
10237 10246
5585 5586
1276 1277
4528 4530
945 3473
2457 3299
1211 12026
6635 6637
10235 10247
12846 14273
181 186
1252 1668
5499 5500
146 4116
12844 14317
6660 6661
3618 3619
3399 7250
634 3289
10313 10316
4570 4571
10136 10138
764 766
1185 2677
5498 13960
6052 14325
14391 14393
10230 10250
10734 10745
3760 3761
946 3973
450 14400
512 5586
1851 7905
1394 1710
1050 1053
992 8176
10343 10348
946 2907
125 1611
655 656
374 376
39 8429
1474 7259
122 14363
2245 10078
8096 8097
173 2869
10246 10247
512 5584
8427 8428
10345 10347
636 638
4754 4756
2453 2455
5586 5587
412 8427
1474 2210
313 10737
769 1853
12846 14274
3797 8177
10231 10240
8993 8994
111 6062
5754 5756
1108 2244
1611 1892
6457 6458
5756 5757
1996 1998
9012 9014
2017 10984
418 1612
1097 6306
11446 11448
627 4071
184 185
4012 4013
715 10133
3156 14383
450 14401
4024 4025
8226 9854
112 512
11892 11896
10351 10352
127 934
10982 10983
10229 10234
1978 1980
10132 10137
655 3264
6306 6307
14396 14399
14305 14306
745 13746
5930 10384
1649 8914
3625 10746
3141 9339
730 885
14416 14417
9425 9426
5948 7817
808 8419
10235 10246
10234 10247
557 2908
10344 10349
634 6364
2018 10984
10738 10743
410 10767
112 11028
2426 2427
3846 3848
306 2267
10232 10239
3262 9648
7211 7213
4042 4043
1423 1688
9062 9063
699 700
4619 4620
327 329
3846 11094
511 8227
3008 3009
869 6516
6137 14283
2341 2342
10883 10903
697 1685
1996 4568
1116 1892
1098 6306
1027 1601
8420 9934
1892 7090
700 703
2047 2052
10129 10131
124 10134
2018 3934
1771 14437
7192 8279
4962 10899
636 1999
2066 10859
10734 10737
1649 11448
7730 12179
123 11546
10352 10354
1464 9635
260 2041
5950 6447
14468 14469
1504 1507
172 13301
10134 10137
1854 8135
145 146
10228 10239
12183 12184
812 7247
10741 10745
1211 1259
4222 4223
10240 10251
7178 7180
479 2046
10997 11002
3009 3011
1215 1860
10230 10247
1668 6035
62 12035
10239 10249
1003 3300
2209 5239
2041 8947
5300 10611
2025 9008
2878 2879
918 921
10128 10131
10131 10133
14328 14331
511 3582
5932 5933
5950 5951
432 435
7517 14268
1041 1042
2041 6299
7778 10734
638 3846
14399 14400
2015 3934
745 9928
1711 3617
11552 11553
5300 10614
10483 10485
555 14281
10231 10246
10346 10353
186 187
3426 12375
2429 4619
1929 1932
1858 1859
10236 10243
6170 6171
1116 2196
3550 3551
495 496
12750 12751
12043 12045
12845 14274
492 815
14406 14407
708 3553
4305 4306
1928 1929
9612 12791
4696 6458
10242 10250
3554 3555
1114 9096
4571 4572
1354 1355
6214 6636
14271 14272
1540 3150
313 10744
12773 12774
3629 7526
2497 2498
376 377
2670 2672
1785 3214
808 8420
3727 7448
180 181
7947 12025
10735 10747
3134 14315
1504 1510
955 2955
2938 2940
1926 1932
399 3551
182 190
12057 12058
5584 5585
8046 8048
626 817
2728 8286
3845 3847
13775 14452
3181 14305
4014 4046
10639 10640
118 14337
10233 10235
2381 2382
1509 1511
5996 8357
4505 4509
10737 10740
36 38
1668 3848
208 12175
1930 1931
12042 12046
11893 11895
3188 4480
6066 6067
769 1468
2939 2941
7416 7993
12372 14307
655 7585
14299 14300
2732 2733
172 1057
10940 13925
332 333
1928 1931
119 120
10233 10247
10964 10965
491 495
510 8230
2940 8702
3075 3313
4769 5867
125 468
5585 5588
37 14279
10898 10899
1506 1507
513 1136
7730 12180
511 1136
6272 6274
6417 7015
141 142
2939 2940
3185 3186
3522 6743
2908 14418
4919 4920
2079 5996
492 493
3007 3008
774 14294
10247 10248
125 10138
1507 1511
312 10741
3476 5105
2431 3078
59 7811
10242 10249
1810 1813
10244 10248
3156 5587
181 185
2248 2658
10612 10614
1009 5498
1196 1291
9452 9455
9521 9522
1770 14312
14395 14397
2872 5408
10230 10251
1469 2678
294 4422
2454 13921
10903 10905
7613 7614
7187 7190
122 123
10187 10189
8528 8531
10998 11003
9049 13767
10644 10645
125 10129
10237 10239
2937 2938
3133 14320
3301 3303
2843 8096
325 328
10234 10237
695 696
7190 7192
8096 8098
468 10130
328 329
1505 1506
14452 14453
125 10133
8447 8448
1098 6308
655 1040
9013 9014
1469 2630
10228 10229
126 127
7151 14448
2025 9009
2014 9321
306 2269
39 3183
12751 14289
3905 5023
2049 2051
3904 5024
10232 10245
2121 11206
183 190
1291 7713
2082 8648
801 5279
1858 1860
7711 7713
10248 10250
373 14317
4722 4724
1211 10611
187 190
3700 3701
6273 6274
1927 1928
4012 4045
698 705
2434 14447
1709 3617
801 9637
127 10133
2670 9837
14398 14399
10242 10244
1252 1747
2516 3183
9064 9066
4481 6621
5377 5378
1355 14472
3135 14317
120 14297
7188 7189
8046 8047
10745 10746
14395 14400
5950 7817
1042 1043
636 4569
111 1468
7582 7583
7778 10743
1771 14312
10231 10234
11894 11895
10733 10746
312 10744
10230 10245
14344 14345
7906 7907
9067 9069
11694 11698
2429 7601
481 3181
10239 10243
208 3841
466 7710
1186 1831
14348 14349
1747 3847
10234 10250
296 297
10234 10245
5149 8097
1067 1851
14346 14387
1854 12740
704 14404
479 6551
511 8228
5585 5587
9590 9592
745 924
329 332
473 2431
10231 10242
6271 6273
636 5791
374 377
5499 5501
2463 2464
1998 1999
9062 9065
12257 12688
765 1831
2383 2384
512 5585
8428 8429
3904 4999
10236 10249
479 729
10229 10249
745 2912
591 2385
2733 6024
36 14403
304 3107
992 8177
39 8428
5982 9671
10604 10606
14259 14260
9650 10765
373 1683
817 818
298 3191
7946 7947
4570 4572
108 515
946 2906
5724 14417
1052 1053
1835 1836
636 637
10237 10245
14456 14458
1188 2677
4253 10396
14391 14392
38 1743
5001 5002
638 3845
10233 10237
10247 10251
4516 4517
374 378
308 2267
3009 3010
3848 4568
3760 3762
260 3930
10136 10137
328 333
4838 6637
5976 12127
771 8790
188 189
10940 10942
3551 3552
3582 6416
2503 5044
326 330
2311 14452
4569 4572
1244 2162
1510 1512
10641 10644
5277 5819
12844 12846
1376 6044
5408 5409
10236 10246
124 125
919 920
79 10746
3400 9838
3780 10142
916 918
2041 3699
79 7778
2670 9838
373 12844
14446 14448
2853 4023
6594 9934
1911 3780
62 10610
2878 3141
10239 10246
896 12065
1360 13301
10741 10742
14291 14293
397 4021
636 10375
73 1543
1505 1510
10241 10248
1997 7177
3748 14382
303 304
2397 11028
3135 12844
515 1278
10228 10245
310 311
4706 4708
1370 1893
11895 11896
10229 10244
8048 8051
1970 8825
1136 2735
636 2772
3103 3104
10238 10242
14308 14376
9065 9067
9063 9069
3400 9837
4044 4046
507 2311
7863 9960
10237 10244
3134 14316
3301 3304
2047 2051
3846 11093
1505 1512
7035 7181
2939 2942
1211 6644
8278 8280
1098 6307
2066 10858
325 330
10734 10738
1109 14410
14271 14274
7178 7181
4838 4938
7211 7214
1644 1646
4023 4025
111 12845
1893 2656
10230 10246
13000 14341
464 3426
6634 6635
10604 10607
9158 9277
2016 2017
9934 14371
885 1184
154 1935
655 8021
11694 11697
121 1259
7585 7586
1930 1932
4528 4529
313 4844
4045 4046
11480 11481
1504 1508
14334 14464
489 3426
1474 13378
6307 10271
1474 1476
6517 6518
3462 6577
555 5498
5636 5637
10345 10346
10605 14462
946 3289
10897 10899
1601 14461
4721 4725
2940 2941
11481 11482
112 9934
2014 10982
10130 10137
10128 10132
1003 13746
9264 9265
1009 5501
704 11209
11553 11554
10245 10246
313 10738
11000 11001
2434 7151
7778 10733
14334 14465
14328 14333
909 910
10234 10246
111 14272
2041 5396
14398 14401
2651 2652
2671 2672
10235 10240
292 295
6123 6124
12748 14290
302 303
10240 10244
1456 14426
4099 4100
12401 13423
1996 1997
1051 14405
14258 14259
715 10132
62 9934
303 2080
4919 4921
142 2397
10352 10353
5982 11095
124 10129
636 9671
7221 7223
8373 8374
2210 5240
1925 1928
5905 8445
37 159
10129 10130
10982 10984
118 14336
4568 4569
418 1613
14319 14321
13567 14304
119 121
3761 3763
10233 10241
14322 14323
3729 3730
14400 14401
1978 1981
9380 9381
774 14295
557 2907
585 2034
14419 14434
1464 8420
11686 11688
511 6417
10483 10486
10229 10233
10232 10238
2087 3264
3846 3849
410 10766
9064 9070
300 14426
186 190
9555 10194
5240 5241
291 293
1051 1052
305 9876
585 4391
10242 10243
5039 5040
9934 14441
468 10138
1311 1312
468 715
2670 2673
376 378
10883 10904
172 1056
7190 7193
573 3353
6214 6637
10235 10237
1116 8870
9067 9068
2157 2159
10232 10244
7947 12024
8948 10591
626 816
10735 10740
10233 10234
991 1740
79 10734
862 1054
399 3550
9423 9426
10343 10347
10940 13924
10734 10746
5505 5506
11395 11396
13775 14451
1054 1055
1259 12026
373 14318
12372 14306
291 4422
3846 10374
5723 5724
2454 2455
1892 10581
2732 2734
1097 6307
5927 10383
3134 14320
491 494
183 184
1774 1776
8176 8177
1503 1505
2908 14419
992 1740
3181 14306
3727 7449
9082 12392
1669 1747
769 1469
990 991
7811 14332
5933 8374
44 1304
3518 3519
636 5739
910 2871
515 1418
6362 6363
10347 10349
62 1211
1054 1056
4152 14388
1056 1057
12751 14290
10738 10744
2236 3762
2121 9548
11029 11031
4012 4046
555 13960
3302 3303
814 1313
5023 5024
10741 10744
1926 1928
279 3427
626 1317
2952 2953
5948 5950
44 108
6308 10271
10345 10354
373 374
7168 7170
9012 9013
3156 5585
12845 12846
7187 7193
11891 11892
3549 3552
112 6594
4507 4510
10736 10744
9876 9878
922 923
511 8230
187 188
5001 5024
439 12185
313 10741
2088 6128
1041 1043
557 2495
260 6299
1394 1540
1836 1837
9064 9069
5932 8374
479 13045
2017 2483
4893 4895
466 10903
11002 11003
7951 7952
1929 1931
10353 10354
14328 14330
7946 7948
