2354 2356
2100 2103
4365 4370
2199 2200
2049 2050
148 3634
608 2816
9434 9438
6613 8096
6613 8098
3096 3098
8697 11770
1669 1999
48 382
866 4472
421 479
271 10884
6052 13924
4366 4369
2236 3766
2016 2018
5149 8096
1996 4570
291 295
5115 11207
2015 2018
636 1669
1649 5523
13520 13942
13915 13916
6997 6998
80 208
8254 8255
7654 7661
2236 3751
4703 4704
9436 9440
4568 7179
808 6021
9326 9327
39 412
8370 8371
3443 3445
477 478
6579 6580
2100 2102
7826 7828
1439 9505
9539 9542
3846 9671
252 1425
7320 7321
2115 2116
6642 6644
3568 5003
481 729
6612 6613
866 9525
218 220
578 874
132 1842
8316 8318
11353 11356
2017 3934
2632 10820
1611 3607
1531 2329
493 1313
12767 12768
2198 2200
1521 9323
5144 5145
2326 2327
142 1456
2408 13520
256 10448
2114 2116
256 795
6810 6811
636 2771
2632 10818
718 8834
12785 13918
2632 9444
10314 10315
270 4154
432 12647
2906 2907
2367 6212
1617 7277
7005 7006
1870 3424
2952 2954
2050 2051
911 912
6613 11753
1601 11763
9443 9444
5124 5125
9292 9293
5640 5643
2161 6334
264 265
11571 11573
1086 1090
2327 2328
434 3446
256 2350
2067 2632
7309 7311
636 839
1211 14257
279 2079
6772 9505
2311 14037
8954 8957
1618 9444
5449 5452
480 482
13628 13632
1842 3366
8176 12186
1547 1548
12556 12557
2724 5051
357 359
37 2815
1948 2116
2733 6023
1688 4202
9862 9864
4478 10602
6377 6383
148 7287
913 2717
3935 5039
12785 12787
6018 6021
1374 1375
4099 8670
3760 3767
11747 11750
8096 8099
3677 10409
1173 6993
7563 13943
132 1017
220 2172
592 4095
573 6435
172 14160
11746 11749
13914 13915
2318 2322
6479 6484
890 1444
4248 8766
2101 2102
3935 5040
1122 1861
3444 3446
3546 3547
774 1375
3443 3446
2717 3910
2004 12670
3095 3097
1654 2298
1339 1368
13249 13250
4568 4572
423 1784
5167 12767
1004 1005
615 2110
9096 9097
1439 6772
13627 13631
9290 9292
1987 1988
7710 7711
9833 10886
1568 1569
975 2632
2442 5640
1901 12769
4901 8957
2166 2170
2014 3934
99 7674
2432 10986
787 788
9685 10601
3846 7176
1878 1880
1203 9502
11354 11355
270 5244
7561 9668
11763 11764
1308 7113
4029 4030
9444 9446
270 298
2632 7277
1370 10507
787 789
784 790
6259 6260
1150 3444
6611 6612
1997 1999
691 693
1034 2502
636 1252
9894 9896
1543 1751
356 357
6257 14106
14106 14107
786 788
46 407
643 644
466 3184
9437 9439
2669 5124
1368 3039
511 9256
358 359
5245 5246
1599 7712
293 294
480 2476
3767 3775
4093 4094
635 636
259 9184
3567 3568
3779 4375
1374 14294
1531 2408
4617 4618
1805 1814
1211 6642
54 221
11564 11573
2327 2330
11350 11352
9437 9438
2196 10583
480 481
12631 13911
636 10374
1618 10818
6579 9863
293 295
9435 9437
2757 2758
359 363
1098 7561
11565 11573
973 3387
218 502
7710 7713
6138 11503
17 4583
1531 3874
1161 4114
3923 3924
1876 5003
636 7035
636 7177
2367 6215
466 7711
395 1861
8950 8952
2952 2955
3558 7800
9324 9325
9323 9325
2684 5898
359 360
46 1302
2437 14327
1913 1915
1949 2115
557 626
9540 9542
1444 3159
1970 9041
1810 1812
573 14374
2275 3714
12005 12007
11567 11571
1097 7561
635 638
10884 10886
4250 4252
14058 14059
6214 6215
789 790
357 360
2476 2477
2318 14231
3114 9227
3848 5982
2169 2170
2922 11562
14056 14060
12555 13535
7653 7657
615 3345
1237 1239
395 13315
14365 14366
5396 5397
1339 3039
2683 5899
1370 10583
5013 5014
11562 11571
4788 4790
9444 10818
4061 6255
6771 9505
3426 3427
3975 3976
251 252
1805 7839
7309 7310
4809 6993
10818 10819
14107 14108
1997 1998
6997 7000
6052 6053
955 1819
363 4319
716 1203
2772 4572
6258 6259
1000 12355
8951 8952
889 929
7277 9445
1436 6771
1997 7176
1474 1475
1683 1730
11566 11567
11775 11776
10484 10486
462 3426
466 1291
298 4086
804 11533
14146 14147
6699 6700
88 5879
975 1617
3509 6833
1618 7276
2843 8099
750 1649
8950 8957
627 4070
4702 4704
3551 5398
4838 13997
2049 6211
3544 3546
5748 5749
1356 1876
636 1997
13931 13932
11093 11095
8078 8079
142 2398
2145 2146
123 240
9893 9895
270 4978
4568 4571
52 1711
453 454
7313 7314
12765 12767
3722 8067
19 6334
10265 10266
159 212
591 4093
7710 7712
2236 3761
9540 9541
11351 11355
637 638
5976 5977
2335 13939
4472 9525
2018 10982
3180 3181
3 4
80 4364
3760 3771
2772 3848
5555 11777
6698 6700
636 2000
11564 11572
3721 4444
6771 6772
4568 7891
3975 3977
7280 12061
172 1360
3928 10576
479 3360
2602 2603
473 814
6810 6812
7562 9668
11409 11410
8952 8957
1819 2952
2843 5149
12353 12355
7319 7320
2441 2442
397 713
2953 2954
3271 3272
2432 2567
1286 1287
481 975
483 485
4569 4571
271 10886
48 1425
8318 8319
975 9446
6212 6213
636 1998
1122 6214
229 230
13937 13939
515 4930
8242 8243
748 3636
12766 12770
11570 11573
218 1086
466 1196
1901 12765
1344 8865
3095 3099
11094 11095
12006 12007
356 360
2772 4571
5196 11129
4114 5753
799 1696
10983 10984
2843 6613
12005 12006
479 480
13961 13963
9278 10986
6257 14110
851 852
909 911
4367 4368
2015 2483
4061 6259
125 1892
2922 7004
3763 3766
13901 13902
2166 2167
10581 10582
8317 8318
2561 6061
1611 10507
1302 7504
260 479
14056 14058
5044 13942
8113 8114
2017 2018
1098 9668
128 131
1618 2067
7276 9444
466 7713
6891 6892
1128 2027
5748 5750
7274 7275
3779 4376
6255 6258
1114 9098
798 799
293 4422
10818 10820
3070 3181
2350 10447
1892 3607
8177 13897
8880 8881
2770 2771
3746 3747
1863 7352
1439 7159
5498 13959
8371 8372
13812 14071
7654 7656
2606 2608
889 7314
221 2172
8200 8202
591 7943
798 1874
6802 6803
2922 11566
2018 9321
8953 8954
2159 5127
205 5871
2772 9671
382 3615
3923 3925
1360 4377
8253 8255
11352 11353
1831 14104
11350 11355
6260 6263
2236 3776
9434 9439
1901 5167
750 8795
14164 14165
7714 7715
6643 6644
4788 4789
3510 6834
6613 11754
172 2639
7003 7004
6256 6264
2168 2170
2014 10983
4365 4367
11569 11572
7499 7500
6781 9298
8238 8956
7943 11533
3760 3763
6998 9442
8953 8958
1521 9327
13896 13897
450 578
1901 12770
955 2953
11747 11748
7588 8389
412 1289
1954 2631
9432 9433
2321 2322
8882 8883
6481 6482
407 684
11762 11764
4810 6782
13250 14020
148 3635
148 5523
1900 1902
1291 7712
4901 8952
2048 2052
1020 3525
209 6781
47 6600
13629 13632
10940 14325
1548 1912
8097 8099
1051 14365
5450 5452
795 2350
481 484
6258 6264
12785 12786
11479 12061
14108 14109
9289 9292
80 557
6482 6483
2328 2332
14249 14250
8955 8957
5250 5251
11093 11094
1689 4651
2367 4468
636 4570
1601 11762
578 13315
13897 13904
5961 5962
3793 3794
2022 2965
3443 3444
2367 4392
1186 3188
10582 10583
636 4568
626 3734
709 7482
2567 9278
7276 10818
626 3733
11563 11571
208 4802
2147 14110
8956 8957
8879 8881
1370 7613
10885 10886
6210 6211
1901 12768
6580 6581
1491 7311
4839 5995
2016 3934
7613 10582
13914 13916
13843 13844
7654 7658
8238 8953
1526 13922
4650 4652
713 3786
2209 5240
396 1034
9228 9229
14000 14002
7655 7660
2046 6551
4086 4087
511 1067
13631 13632
11568 11569
4251 4252
3105 3106
1669 2000
3976 3977
1876 3569
14036 14037
4202 7311
955 956
4901 8951
2167 2168
6261 6262
5143 5144
4252 4253
4093 4095
412 1290
2881 2882
730 2368
9833 10885
9445 9446
47 208
14047 14048
2147 14109
1375 1465
1368 6408
2854 3739
3333 3335
9685 10602
10760 10763
481 1948
1088 1089
479 1116
6255 6256
4501 5038
1289 1290
2441 5641
1986 1988
1669 1996
1475 13378
5398 5399
2017 9320
10485 10486
12612 14116
7656 7658
636 11093
9436 9439
3636 3637
890 3159
9327 9328
3576 13927
1899 1901
1876 5399
13896 13903
3848 7891
473 492
2320 2321
631 1161
6480 6481
14107 14111
4750 4751
17 8892
543 684
2417 3083
2326 2330
7658 7660
551 6674
279 489
8950 8954
4203 4204
9325 9328
6613 11703
3635 3636
2503 5045
140 141
46 7504
13630 13631
8125 8126
3910 3911
2717 3909
1531 2327
338 3907
12766 12767
9443 9448
4318 4319
2669 6064
10313 10315
3829 6265
14481 14482
1161 5753
37 1425
1531 2330
1876 5396
8951 8956
1019 3366
2048 2051
2047 2050
745 4227
572 4031
1861 6214
4061 6261
11564 11569
153 2396
1711 3619
4874 13930
506 1291
13962 13963
423 2669
4479 11533
2014 2015
10842 14153
291 292
1867 7352
4367 4370
11394 11396
788 789
9894 9895
2079 3426
799 3878
799 1873
7659 7660
2561 10877
4810 9298
929 10407
2018 9320
1211 6643
636 4572
13100 13101
3546 3548
8850 8851
3722 4446
6258 6260
604 8114
4100 8670
1097 1098
1970 9040
3909 3911
2735 3582
1042 1423
357 358
1547 1549
6259 6263
2046 3360
2022 5055
2318 2321
2483 3934
1019 7818
3270 3271
481 482
2146 2147
13930 13932
13911 13912
2083 2084
207 209
1237 1238
3097 3098
1842 3367
604 5924
1329 3352
8951 8958
1034 2561
2331 2332
6019 6020
8199 8201
407 7504
10488 11535
6998 7000
1873 1874
848 849
6212 6214
774 1374
6261 6264
6018 6020
787 790
785 790
4317 4319
913 2432
48 252
6260 6262
1601 11764
481 9359
3367 7818
4478 9685
3444 3445
1599 7713
3497 3498
412 8428
2101 2103
909 2870
642 645
5924 8114
5640 5642
1291 7710
257 14231
481 1150
2772 11093
1819 2955
6479 6483
3935 4501
6257 6262
96 1316
12770 12771
2296 2298
11562 11565
2226 4837
477 3692
13417 13629
592 4094
2013 13249
784 789
1425 3615
929 7314
2442 5641
625 626
1374 14295
5167 12768
3510 3927
784 788
11563 11570
99 7675
38 11647
13924 13925
8253 8254
7468 7469
338 2964
1901 1902
6613 8097
5556 11775
985 5194
1822 1823
350 4568
450 874
3545 3547
3096 3097
5388 5389
10484 10485
14046 14047
3928 3929
1649 10293
9326 9328
1878 1879
599 3188
8201 8202
6257 6259
407 479
885 886
11351 11352
984 985
5387 5388
2907 2908
497 1116
9446 9448
8316 8317
11564 11571
10408 10409
7653 7656
1996 4571
599 1186
11110 11111
4366 4368
8955 8956
976 977
636 4571
11563 11565
7562 7563
1810 1811
631 1719
291 294
421 729
1436 6772
2355 2356
2367 4394
2020 6606
2015 2017
450 10842
1669 1997
39 10640
4478 10147
8881 8883
395 396
1329 3336
9323 9326
6213 6214
132 3367
6698 6699
631 1720
5962 5963
2367 6213
6859 6860
6209 6210
2843 8098
252 3615
1475 3399
1899 1900
1953 8423
7826 7829
6642 6643
750 7287
44 4930
7500 9906
786 787
1879 1880
339 3907
3422 3424
1999 2000
615 660
12769 12771
3445 3446
1946 1949
271 10885
1949 2116
1033 1034
13936 13939
1618 10820
492 814
7176 9671
14294 14295
2965 6088
1617 7276
3558 12536
7234 7235
11566 11570
785 786
3167 6719
6781 6782
148 748
2013 13251
432 12648
4978 5244
481 485
852 853
2197 2198
909 912
7653 7661
3551 5397
14046 14048
12500 14257
292 294
874 13315
14104 14105
8951 8953
3848 11093
1999 2772
1000 12354
1996 4569
6782 9298
3545 3546
1946 1948
350 4570
9434 9440
7277 9446
269 2057
9443 9445
4563 4564
10819 10820
2501 2502
4376 4377
4061 6260
2197 2200
1531 2328
716 1205
10574 10575
481 1947
808 6022
2018 2483
10374 11093
4583 5386
6700 6701
1823 10039
3771 3772
3509 6834
6433 6434
3846 11095
885 2368
3070 3180
6376 6377
218 1089
1114 9097
172 14153
1892 10507
2772 5982
5555 5556
4715 4716
13627 13632
6258 6263
7276 10819
3287 3288
4094 4096
1531 13942
2604 2605
1097 7562
555 13959
8950 8958
36 1743
298 4087
4901 8955
2319 2320
1877 1879
7563 9668
5448 5451
14058 14060
9438 9440
8952 8953
11566 11568
2032 13973
2683 5898
1543 3714
4901 8956
140 142
6256 6257
2432 2568
6259 6261
1746 1747
9434 9437
9096 9098
8881 8882
578 14160
9445 9448
257 2321
1996 1999
6307 6308
14085 14086
729 804
9444 9445
4789 4790
13154 13155
1947 1949
1714 13137
5038 5039
4810 6781
2965 6606
1356 3567
2632 7276
480 2477
220 4031
5749 5750
2147 14106
1367 1368
4978 5246
4095 4096
5982 11093
3848 7176
7176 7177
2018 10983
3763 3775
5449 5451
481 3444
13628 13630
13991 13992
52 4589
848 1051
1969 9040
2335 13938
2032 2773
36 1747
313 8935
1900 1901
14057 14058
4335 4336
132 797
489 3427
2236 3777
1334 4338
2408 5044
6165 6167
635 637
11746 11750
11703 11704
6674 10877
557 625
1948 1949
450 1291
9324 9326
2347 4567
2772 7176
359 362
11563 11568
209 1865
1150 9358
7561 7562
108 4930
19 2161
479 481
591 729
1531 5044
1173 2027
7658 7659
2922 11563
11562 11569
9324 9327
1784 3214
1436 7159
8255 8256
7655 7658
1344 8864
5718 5720
2870 2871
2367 6216
9435 9436
3634 3636
636 7176
913 3909
2330 2332
9436 9438
1649 8795
1370 10506
466 7712
466 1520
11350 11351
10887 10888
8427 8429
2017 9321
11749 11750
3926 3927
5143 5145
473 1313
257 2320
2329 2330
8177 13898
1996 3848
1784 2669
9438 9439
412 8429
3775 3776
6833 6834
446 14251
7655 7661
8879 8882
7660 7661
99 2477
729 1150
8238 8957
7651 7652
356 361
7654 7659
11563 11573
4392 4393
454 6728
13897 13898
4501 5039
1711 3618
946 2908
1548 1913
360 4317
2013 13250
132 1020
218 1090
1491 7310
1999 2770
1543 2275
148 3636
6435 14374
1654 2297
6257 14107
1948 2115
8177 13903
2109 2110
11203 11204
7654 7657
5523 8469
9446 10819
418 3809
151 2396
363 4318
252 382
3053 9756
1814 5401
1912 1914
1067 7015
6256 6263
3209 6738
9671 10374
1521 9328
148 750
848 14366
494 496
11352 11354
2477 7675
6052 10940
955 2954
6018 6019
4250 4253
4444 4446
709 1611
3934 9321
6482 6484
11565 11569
1996 2000
7712 7713
2172 4031
269 2437
2017 10983
54 502
10374 11095
1549 1914
3634 3635
795 10447
3763 3767
13961 13962
7908 7909
799 1697
5196 11128
9290 9291
5556 5557
1986 1987
346 4617
96 1045
804 4479
2922 7003
9040 9041
660 2500
1947 2114
9893 9894
8952 8954
1291 7711
2209 2210
12646 12648
3977 6278
6259 6264
5 14119
9184 9185
5139 5929
9441 9442
14056 14057
1128 1173
7004 7005
5139 14251
815 1313
718 7158
6138 11504
37 382
797 3366
7658 7661
350 1996
6023 6024
5149 6613
1098 1344
889 3677
4774 7481
3360 6551
6256 6258
929 10409
1308 2725
5448 5452
889 7313
5961 5963
7815 7816
6579 9862
1611 10506
120 8767
2965 5055
600 601
350 4569
851 853
6088 6606
9289 9293
339 2964
1211 6212
4248 8767
13913 13916
467 1382
446 6781
4114 5752
784 785
152 153
7827 7828
11353 11354
4569 4570
1785 2669
2604 2606
279 3426
2147 2148
7319 7321
636 1996
6255 6263
3054 3055
6165 6166
3333 3336
1 2
7657 7661
2632 10819
13627 13628
1291 1599
12556 13535
429 430
8098 8099
4927 4928
395 2561
10761 10762
7656 7660
6613 11704
358 363
3510 10574
47 207
397 2017
11393 11396
4874 13931
2326 2331
9445 9447
127 3400
2167 2169
3720 3722
12767 12770
1876 3551
9833 10884
4368 4369
1122 2543
5386 5389
221 502
909 2871
5044 13520
636 11094
3635 3637
6772 7159
3829 6266
10601 10602
715 13301
4393 4394
8950 8955
10698 11042
8951 8957
435 12646
360 363
10842 13315
689 3890
511 2735
44 515
11564 11568
9686 10602
10313 10314
5523 10293
1760 1761
2057 2437
1360 3779
12766 12768
11569 11571
1161 5752
2490 11407
1531 2326
2717 3911
3617 3618
1531 2331
13627 13630
11568 11573
4901 8238
1356 5003
1370 2196
2022 6088
636 3846
1751 2275
1842 7818
1499 10888
39 8427
396 2561
1019 3367
5239 5240
2940 6812
7659 7661
2441 5642
615 2500
2772 4569
750 3637
3270 3272
2048 2049
13231 13232
47 3829
11762 11763
5055 6606
6258 6261
4773 7136
1892 7613
6052 13925
631 4114
11569 11570
4583 5387
2328 2331
4901 8950
382 1425
4774 7136
350 2772
572 2172
9439 9440
4202 7309
1611 11529
39 2347
1689 4652
3763 4479
1996 7891
652 8316
1399 2801
1308 2020
12772 13935
12960 13301
453 6728
4094 4095
1339 13977
130 131
2475 2476
1051 14366
2014 10984
4061 6258
2432 2433
10699 11042
209 6782
11354 11356
6578 6580
434 3444
14481 14483
230 2437
1205 9502
4478 9686
6811 6812
4873 4874
48 3615
46 479
2770 2772
13936 13938
3544 3548
2198 2199
148 4296
1861 2561
3366 7818
1611 6797
54 220
10483 10484
1689 4650
1370 10582
6771 7159
4650 4651
874 10842
7613 10581
8238 8950
2051 2052
8199 8202
3761 3762
513 2735
218 2172
6261 6263
2067 7277
1491 8814
478 3692
13897 13903
11565 11570
591 4094
10447 10448
502 572
11408 11410
14071 14072
6019 6022
715 12960
10760 10762
5977 5978
5641 5642
3720 3721
8766 8767
10575 10576
8796 8797
6257 6263
1899 1902
11746 11751
7656 7659
2922 11567
4202 7310
2020 2022
4093 4096
3722 4445
7814 7815
12765 12771
1005 1006
1892 7614
2670 13911
11394 11395
2441 8545
6257 14108
12765 12770
3510 6833
1067 9256
2442 5643
7711 7712
47 209
1617 1618
3510 3929
3545 3548
3829 6600
3055 3056
14106 14109
1356 3568
2014 9320
3366 3367
748 3635
3551 5399
3510 3926
5898 5899
153 8232
2922 11564
11562 11568
1150 7943
13913 13914
6999 7000
1370 1611
2020 2725
3038 3039
7653 7655
2922 11571
9289 9290
1901 12767
2235 2236
8065 8066
9325 9327
257 2318
1599 7710
14110 14111
13896 13898
12535 12536
578 10842
5449 5450
6997 6999
480 729
14106 14111
14057 14059
6265 6266
3096 3099
636 5982
1669 1998
4365 4366
13991 13993
13417 13630
7276 7277
3677 10407
8953 8957
172 10842
1375 14294
750 5523
14108 14111
7800 7801
1892 10582
4368 4370
6480 6482
294 295
9434 9436
1947 1948
1339 14000
9671 11093
729 4479
269 14326
1912 1915
6209 6211
5396 5399
2297 2298
9895 9896
1370 3607
5386 5388
9863 9864
9435 9439
7311 7781
346 4618
356 362
12767 12769
38 1746
1946 1947
2197 2199
11563 11569
2604 2608
3721 3722
11393 11395
636 3848
6435 14335
125 3400
2940 6810
6480 6484
13921 13960
2196 7613
3335 3336
10506 10507
7262 7263
132 5700
90 12715
636 7179
10760 10761
218 4031
1000 12353
1360 12960
397 2018
356 359
1876 3568
10374 11094
7311 8814
11750 11751
8850 8852
910 2870
9671 11095
2543 6214
8199 8200
6481 6484
2 3
207 208
2229 8834
7655 7659
39 5854
10574 10576
407 543
7653 7660
3558 7801
1211 6215
1465 9734
2536 2537
604 8113
3544 3547
4478 10601
36 1746
358 360
3547 3548
3637 4297
3848 10374
4114 10913
11562 11573
40 2516
2922 11573
13315 14153
2954 2955
5924 14471
729 6551
1019 1842
3634 3637
6698 6701
1743 1747
2568 10986
1805 5401
5976 5978
4479 7943
11566 11569
511 7015
2326 2329
12644 14154
48 251
3848 9671
7000 9441
5982 11094
8177 13904
11753 11754
10488 10489
7277 9447
418 1314
493 815
3763 3772
14046 14049
479 497
3976 6278
46 543
218 1088
1548 1914
2335 13937
14000 14001
709 7136
1892 10506
6257 6261
2605 2606
13154 13156
9685 9686
2047 2049
3720 4444
11503 11505
1004 1006
1521 9325
8349 8350
4444 4445
13230 13233
11564 11570
3498 3499
2772 3846
3934 9320
2922 7006
5685 5686
251 1425
9446 10820
874 14153
709 1892
1211 2367
3720 8067
465 2159
229 2437
5642 5643
11749 11751
215 13997
13843 14467
6579 6581
9974 9975
1203 1204
1499 10887
1865 7352
7273 7275
1211 6213
437 438
615 13137
12765 12769
1329 3335
2049 2052
2226 12550
2057 14327
9446 9447
13921 13959
450 14153
263 265
975 10818
3444 9359
1339 3453
1453 5294
3766 3767
7657 7660
8954 8955
2318 2320
1370 7090
7654 7655
5397 5398
1329 3334
479 482
6257 6258
481 1946
975 1618
913 2568
11567 11573
8348 8349
11350 11354
5556 11776
2320 14231
9437 9440
446 12535
371 372
465 5127
209 1863
1831 14105
2843 8097
3846 5982
11128 11129
6687 6688
1370 1892
13930 13931
11748 11749
5555 11775
2329 2332
975 10820
2311 13775
260 497
636 11095
12570 12571
9436 9437
1196 3184
2146 2148
3422 3423
2210 5241
7656 7661
3762 3763
578 2639
4365 4369
37 48
1456 1457
11504 11505
350 4571
1087 1088
10315 10316
139 141
3453 13977
6052 10131
1548 1549
6019 6021
1375 14295
7003 7006
1709 3619
2772 11094
3848 11094
7655 7656
2166 2168
11747 11749
6256 6262
5055 6088
12768 12769
9324 9328
8238 8954
5641 5643
10858 10859
11564 11566
6256 6260
270 4087
12354 12355
39 11111
9539 9540
1549 1912
3618 3619
2013 14020
10313 10316
9686 10147
4366 4367
4570 4571
3935 5038
1947 2116
6260 6261
5498 13960
3975 6278
6052 14325
8880 8882
2537 2538
4774 7482
7280 11479
6892 6893
784 787
11572 11573
3760 3761
5924 8113
148 8795
2229 7158
492 494
8254 8256
3926 3928
221 4031
9444 10820
992 8176
2327 2331
3497 3499
11566 11571
946 2907
2049 6209
4901 8954
6258 6262
125 1611
361 363
929 3677
2049 6210
11562 11564
1954 5353
13896 13904
39 8429
910 911
929 7313
5167 12765
8956 8958
8096 8097
1531 13520
4568 4570
5194 11741
8427 8428
11565 11568
172 13315
636 638
1436 1439
3928 10575
797 3367
6021 6022
1609 1610
642 644
412 8427
1360 4376
2296 2297
38 476
578 14153
4070 4071
2020 2965
6212 6216
5555 5557
157 2613
172 12960
2022 7113
3453 3454
9539 9541
1750 1751
4375 4376
8952 8955
12646 12647
1611 1892
5448 5450
2067 7276
740 741
729 1302
1996 1998
1743 1746
7221 7222
2017 10984
10131 14381
3733 3734
11351 11356
4773 4774
172 450
615 2109
7222 7223
627 4071
4772 4774
2014 2017
2432 9278
1914 1915
480 2475
357 363
1547 1915
14109 14110
13153 13155
172 395
10982 10983
2632 9446
1360 4375
3794 5204
2168 2169
3617 3619
2922 11568
12765 12766
373 1730
10762 10763
6263 6264
652 8317
474 3481
7004 7006
7261 7263
730 885
5124 6064
7814 7816
13903 13904
9444 9448
13936 13937
2210 5239
5167 12769
889 10407
1204 9502
4651 4652
148 4297
1876 3567
11565 11571
502 2172
11746 11747
729 11533
2018 10984
2639 13315
132 7818
5167 12770
4702 4703
4317 4318
216 13997
1996 2772
6052 14381
513 3582
9291 9293
3846 3848
2022 4338
4874 13932
1750 1985
3846 11094
785 787
11562 11570
1876 5398
2433 2434
39 2516
1314 3809
11659 11660
148 10293
11562 11563
12768 12770
955 2952
506 874
2329 2331
3551 5396
5149 8099
13627 13629
6483 6484
808 6019
929 10408
270 5245
1996 4568
1892 7090
2047 2052
8879 8883
1877 1878
13417 13631
2502 11837
1947 2115
8231 8232
2327 2332
2018 3934
10487 10489
6687 6689
13959 13960
6020 6022
123 3491
2147 14107
2815 2816
636 1999
2197 2201
2066 10859
992 12186
151 8232
13137 14044
123 11546
5274 5275
11567 11569
7276 9446
788 790
1811 1812
2477 7674
502 4031
1251 1252
450 13315
8951 8954
2319 2321
11568 11572
913 2567
172 13301
363 4317
1097 7563
6611 6613
2684 5899
11564 11567
17 5389
9227 9228
2236 3771
1547 1913
1863 1865
1203 1205
2014 2483
7500 7501
2309 4118
479 2046
5239 5241
260 1116
2047 2048
17 5387
913 10986
4978 5245
2441 5643
1759 6376
631 5752
2167 2170
7277 9443
360 4319
795 10448
1617 2067
814 815
2209 5239
6213 6216
5498 13921
11355 11356
3890 4024
975 14151
2367 4393
151 152
492 496
1086 1087
4061 6257
10581 10583
3927 3929
7828 7829
511 3582
3722 4444
37 252
2236 3760
1367 3039
434 3445
432 435
2265 5816
2772 4570
2015 3934
10763 10764
6578 6581
2328 2330
11563 11566
434 3443
1711 3617
10483 10485
17 4495
975 9444
13417 13627
7158 8834
11570 11572
7657 7659
338 339
4243 8113
484 485
8954 8956
481 977
3763 3777
5244 5246
436 437
2367 3733
5450 5451
2922 11570
2725 7113
1761 1762
2437 14326
5387 5389
3767 3772
9443 9446
395 578
492 815
8391 8392
1709 1711
799 2333
286 1538
11351 11353
591 4095
852 854
221 572
1114 9096
466 1599
11353 11355
2020 7113
4571 4572
715 1360
2841 2854
913 3910
382 13198
11747 11751
3095 3096
120 8766
2236 3763
142 7160
12787 13918
1892 2196
511 513
6255 6262
241 9175
9444 10819
709 4773
6276 14074
1287 1288
1814 7839
11503 11504
985 11741
3783 13843
6480 6483
1785 3214
2020 6088
1238 1239
3509 3510
435 12647
874 1291
3510 10575
636 2770
450 14160
13628 13631
11748 11750
5556 11777
955 2955
2196 10582
7310 7311
6212 6215
209 7352
5627 13923
592 4093
1948 2114
9541 9542
10639 10640
660 2109
1097 1853
1999 2771
13250 13251
14048 14049
715 973
11563 11572
851 854
12767 12771
3793 8915
5929 14251
8953 8956
551 10877
7310 7781
7273 7274
36 38
1654 2296
5640 5641
3568 3569
13938 13939
323 983
11568 11571
11352 11355
1521 9324
2772 4568
6138 11505
1949 2114
9446 10818
148 3637
6166 6167
132 3366
12550 12551
4061 6264
6479 6482
2050 2052
804 3763
208 209
1819 2954
10940 13925
2350 10448
1996 4572
754 5879
3637 7287
636 1251
38 1747
3909 3910
1370 10581
924 13751
615 3344
13629 13630
4772 4773
12557 13535
691 1033
450 506
2780 2781
36 1196
1019 5700
358 361
10314 10316
1865 1867
4086 4154
359 361
7656 7657
5451 5452
7655 7657
435 12648
220 502
141 142
3637 4296
257 259
37 2816
6579 9864
356 363
2441 5640
1086 1089
1034 11837
492 493
54 4031
774 14294
8950 8951
4583 5388
362 363
5977 5979
2335 13936
3767 3776
11567 11572
6214 6216
9671 11094
436 438
1810 1813
7310 8814
37 3615
3767 3777
10760 10764
1098 10271
9443 9447
1196 1291
591 4096
17 8891
7657 7658
1863 1867
3343 3345
1688 7309
7653 7658
14240 14241
294 4422
360 362
2454 13921
7613 7614
148 1649
122 123
716 1204
269 14327
13775 14036
407 1302
1913 1914
2670 12631
120 4248
635 1854
11570 11571
2922 11572
6255 6260
2773 13973
4061 6256
1034 1289
11566 11572
2843 8096
11565 11566
9686 10601
3848 11095
5249 5251
8096 8098
8952 8958
13230 13231
1953 5348
9668 13943
3098 3099
14107 14109
7277 9448
1098 6308
123 2653
13315 14160
220 572
4445 4446
360 4318
8238 8951
2 4
1548 1915
5021 6535
2014 9321
3776 3777
1173 4809
39 3183
5386 5387
4243 5924
1521 9326
1969 1970
1997 2000
2442 5642
2049 2051
3569 5003
643 645
2326 2332
8950 8956
2604 2607
14106 14108
1088 1090
1291 7713
2940 6811
1368 3038
9685 10147
14106 14110
132 3525
7711 7713
3286 3287
3510 3928
12631 13912
7995 7996
4901 8958
11775 11777
8797 10876
848 14365
2841 3739
11562 11567
7674 7675
1709 3617
748 3634
395 2639
4501 5040
9325 9326
716 9502
2567 10986
1098 7562
2516 3183
11562 11566
263 264
39 11110
1618 7277
6262 6263
361 362
256 10447
152 168
153 8272
4645 4646
218 221
1098 7563
636 4569
7481 7482
148 7288
46 684
1531 2332
3334 3335
9434 9435
799 1874
2670 13912
615 14044
9097 9098
2319 2322
1751 1985
88 754
7428 14377
2367 6214
5401 7839
8317 8319
2311 14036
2922 11565
1861 2543
1356 3569
2199 2201
5448 5449
975 2067
466 7710
139 142
8238 8958
1892 10583
9435 9438
730 886
2367 3371
13992 13993
10761 10763
3677 10408
132 1019
7003 7005
7500 10274
1034 1290
13249 13251
395 1034
423 1785
10762 10764
5149 8097
785 788
96 1315
1854 12740
1812 1813
11565 11567
479 6551
2772 11095
1549 1913
270 4086
1339 3038
718 2229
151 8272
693 1034
1709 3618
9227 9229
7276 10820
975 7276
1998 1999
357 361
3286 3288
8957 8958
9323 9328
481 7943
2198 2201
2147 6257
642 643
8428 8429
853 854
6256 6261
5038 5040
13628 13629
4575 10488
11350 11353
8238 8955
5719 5720
6891 6893
479 729
3054 3056
462 464
8953 8955
2733 6024
2568 9278
1329 3333
5752 5753
1491 7781
1611 11032
39 8428
729 7943
208 3336
5982 9671
2318 2319
6257 14109
373 1683
12555 12556
5976 5979
4570 4572
108 515
946 2906
1689 1690
1098 13943
3444 9358
9290 9293
5720 5721
2326 2328
12647 12648
636 637
10487 11535
3114 9228
5396 5398
10407 10409
7827 7829
2057 14326
3926 3929
9358 9359
784 786
4786 4787
11564 11565
5167 12766
38 1743
6699 6701
1549 1915
3423 3424
3928 10574
592 4096
295 4422
3097 3099
3848 4568
13775 14037
910 912
13812 14072
129 131
3760 3762
8880 8883
6260 6264
6257 6260
2145 2148
11408 11409
1912 1913
12765 12768
1399 1400
2605 2607
6613 8099
5167 12771
2236 3767
5718 5721
6688 6689
11566 11573
4392 4394
2265 13574
2561 6674
2503 5044
786 790
125 127
39 10639
13155 13156
7826 7827
1211 12500
153 8231
1211 6214
4569 4572
493 814
1339 14001
1375 9734
8954 8958
12766 12771
12786 13918
37 608
2022 6606
421 480
797 1842
7000 9442
432 12646
8851 8852
412 1034
3095 3098
373 12844
1760 1762
3760 3772
1719 1720
2145 2147
2328 2329
5982 10374
1360 13301
129 130
2724 5052
1 3
251 3615
2683 2684
636 7891
1089 1090
1045 1316
270 5246
2020 5055
1688 7311
1997 7177
4575 10487
13913 13915
11567 11570
975 10819
615 1714
729 3763
8316 8319
1618 2632
479 1302
11393 11394
6215 6216
7280 12060
9320 9321
4444 8067
4028 4029
259 9185
6481 6483
54 218
2100 2101
446 12536
3763 11533
636 2772
689 4024
2536 2538
5149 8098
1087 1089
14163 14164
718 4322
5555 11776
1211 6216
2567 2568
2922 7005
128 130
12769 12770
1286 1288
9444 9447
257 3311
808 6018
11479 12060
6479 6480
1368 6407
350 636
4061 6262
2047 2051
2209 5241
3846 11093
492 1313
7500 7586
6020 6021
1211 6644
3544 3545
481 9358
12786 12787
1098 6307
2066 10858
6255 6257
10884 10885
2196 10581
1045 1315
2147 14108
12768 12771
3330 3331
1618 9446
804 7943
2906 2908
1374 9734
9323 9327
10487 10488
2321 14231
13417 13632
489 2079
218 1087
10761 10764
6998 9441
464 3426
691 1034
7499 7501
8253 8256
2016 2017
1017 1019
885 1184
7561 7563
604 4243
4375 4377
10842 14160
4901 8953
7015 9256
2200 2201
7287 7288
8951 8955
3925 8798
14482 14483
80 3336
6479 6481
573 14335
8950 8953
12766 12769
2226 12551
3927 3928
1969 9041
317 2289
360 361
489 3426
6307 10271
1474 13378
3558 12535
631 5753
7277 9444
54 572
4583 5389
2079 3427
8955 8958
1876 5397
139 140
11569 11573
5641 8545
215 216
1811 1813
2475 2477
14163 14165
10698 10699
555 5498
3775 3777
12555 12557
8796 10876
709 7481
218 572
644 645
1086 1088
1711 4589
2014 10982
11565 11572
1334 2022
7613 10583
10407 10408
652 8319
1308 2022
14108 14110
13231 13233
913 9278
37 251
215 4838
2607 2608
2408 13942
1547 1912
909 910
2102 2103
3567 3569
457 8891
6998 6999
8238 8952
3333 3334
652 8318
11776 11777
251 382
573 574
2048 2050
5044 5045
4099 4100
8097 8098
1996 1997
5051 5052
591 592
7653 7654
14326 14327
473 815
5982 11095
1097 9668
975 7277
3558 6781
7221 7223
636 9671
1877 1880
3510 10576
4575 11535
2210 5240
6376 6383
1034 2501
2606 2607
10982 10984
13153 13156
5816 13574
172 578
889 10408
1547 1914
1204 1205
4568 4569
660 2110
3779 4377
913 3911
3761 3763
5718 5719
2327 2329
481 1949
4534 4535
1374 1465
9291 9292
13153 13154
8891 8892
7261 7262
2922 11569
11562 11572
6256 6259
4367 4369
3114 9229
13232 13233
774 14295
1150 9359
481 976
7586 9906
357 362
1315 1316
808 6020
10483 10486
6255 6264
446 3558
3793 5204
7653 7659
11746 11748
3343 3344
3783 13844
2015 2016
2416 2417
3763 3771
551 2561
798 2333
153 168
5240 5241
1714 14044
291 293
4296 4297
1339 14002
445 446
4366 4370
5039 5040
1696 1697
11748 11751
6407 6408
8879 8880
14001 14002
209 1867
3344 3345
1034 1861
11571 11572
1901 12766
1618 10819
342 3331
9447 9448
2017 10982
709 4774
3122 3123
6018 6022
4028 4030
889 10409
10940 13924
4369 4370
1694 1695
8200 8201
259 3311
2772 10374
11395 11396
479 7504
172 715
2330 2331
9323 9324
2166 2169
151 8231
4250 4251
39 4567
4251 4253
6255 6259
291 4422
3846 10374
2320 2322
1892 10581
1439 6771
615 3343
2631 5353
397 3786
1819 2953
12060 12061
2014 2018
2236 3775
2236 3772
5978 5979
1 4
3763 7943
3334 3336
1599 7711
750 7288
1901 12771
9435 9440
785 789
14057 14060
8103 8104
4365 4368
1034 6061
13630 13632
172 874
3721 8067
6257 6264
2032 2033
608 2815
358 362
11567 11568
3060 3061
1688 7310
709 6797
17 5386
151 168
1339 1367
910 2871
17 5388
4061 6263
1998 2000
8177 13896
6213 6215
11568 11570
1017 5700
786 789
3637 7288
13629 13631
11563 11564
555 13921
3637 5523
3783 14467
9862 9863
6578 6579
2354 2355
4243 8114
2236 3762
1617 2632
7654 7660
13844 14467
555 13960
6061 6062
1569 1570
9289 9291
14107 14110
481 483
7781 8814
814 1313
39 40
14109 14111
6630 6631
350 4572
8864 8865
220 221
151 153
5397 5399
8952 8956
11350 11356
5244 5245
279 3427
11352 11356
481 14151
2952 2953
5348 8423
44 108
6308 10271
1367 3038
9893 9896
2432 2434
54 2172
5523 8795
342 3330
12353 12354
1087 1090
128 129
483 484
798 1873
8370 8372
11563 11567
799 8409
216 4838
2605 2608
2953 2955
13937 13938
2016 2483
2114 2115
8348 8350
5719 5721
1568 1570
6262 6264
125 709
14059 14060
6255 6261
3763 3776
1892 6797
11351 11354
271 9833
3924 3925
14056 14059
2771 2772
1291 3184
152 2396
2147 14111
4243 6585
748 3637
6259 6262
356 358
6257 14111
2017 2483
5249 5250
2022 2725
2196 7614
14047 14049
3767 3771
13230 13232
13417 13628
1784 1785
