2199 2200
608 2816
1338 1342
14194 14207
218 4307
37 607
2717 14171
218 1385
48 382
166 168
2676 4132
14185 14203
3071 8321
14190 14225
14187 14210
172 2641
9173 11065
2242 4156
2803 3536
291 295
591 7332
10453 10454
46 1660
14217 14223
14196 14229
730 2838
6026 6027
14202 14227
17 133
2367 5668
4438 4616
809 3242
4655 4656
3443 3445
7826 7828
382 5654
1547 2563
287 10170
172 1143
14203 14204
14196 14213
218 220
304 10700
14202 14210
354 355
14215 14226
730 1545
298 14033
634 1385
14186 14212
5404 5407
1019 5699
370 1241
14193 14211
11068 11071
578 8169
5020 5021
584 585
11065 11071
659 661
591 2686
11814 11815
14252 14254
2920 3240
3595 3600
1549 2563
14188 14227
14193 14223
8824 11071
5825 5826
764 2558
42 809
2939 12851
218 1291
40 1425
14198 14205
710 711
14195 14211
727 3380
14212 14228
597 1890
1194 1196
10711 10712
9834 14184
2676 8516
14204 14206
9834 14230
14189 14193
14033 14035
733 5374
669 670
114 2226
14195 14210
2675 4131
6216 8655
1547 1548
14189 14217
1765 5487
14198 14222
8823 8824
1093 3326
7753 7754
1948 2116
1328 12889
385 9018
14184 14191
14212 14219
4268 7026
14194 14210
1339 1342
14207 14210
3387 4166
3340 8912
270 3750
14196 14224
578 1167
54 3750
172 5216
14184 14219
11360 11362
132 1017
5022 10840
805 5919
615 1327
592 4095
14186 14194
14188 14207
8522 8523
7295 7297
578 1519
7332 7338
1876 3670
14193 14202
804 2046
860 862
774 1375
14208 14225
132 5699
2091 3321
14185 14217
5730 5732
4207 4208
14194 14222
809 2873
1338 1340
14208 14223
7074 7075
6201 6203
859 860
608 6723
1045 10704
2275 14079
2442 5640
72 1911
14191 14221
14188 14220
1952 1953
1962 1963
14217 14218
698 699
14196 14197
1876 1963
14202 14215
14201 14223
2361 2362
14194 14229
2639 4837
591 593
4240 4242
2799 11907
46 407
4657 4658
172 3321
8565 10839
9917 13958
293 294
14193 14214
3567 3568
5461 5466
5288 11702
687 688
153 167
9988 14199
1911 9109
480 481
14199 14202
5741 5742
4263 11440
14192 14196
5654 9212
2046 4482
14219 14222
14186 14199
1765 5486
3595 3599
1621 5150
2641 4837
699 702
14199 14221
460 461
416 1621
14205 14213
1455 12040
3380 3528
14199 14216
2006 7707
615 1962
938 13899
14204 14220
14192 14207
9834 14224
4198 4199
14148 14150
1913 1915
589 591
14185 14199
5215 5402
14196 14202
791 794
218 407
14184 14194
11068 11069
6424 7026
14187 14206
300 805
1076 2275
292 293
8824 11069
2446 10170
8666 8667
1572 13782
412 9016
2855 4131
370 1628
428 1107
4438 4439
14197 14211
1628 1819
9266 14142
14186 14202
14191 14194
38 6439
14097 14100
5582 5583
868 870
5081 5082
5020 10301
4381 8694
2026 5751
730 12115
4093 5826
1167 1169
201 1047
3318 3319
7811 7812
407 1363
6201 6204
14214 14222
8596 10169
159 5082
9834 14196
7277 9445
155 156
14195 14226
42 938
88 5879
14208 14217
9988 14214
481 4165
2665 2667
474 1335
14185 14222
410 4035
14225 14229
8526 8527
2454 5501
7173 8517
14194 14215
5215 5216
14169 14170
5542 5543
1356 1876
1548 1916
2446 10167
782 5288
209 572
2917 2918
14188 14225
14206 14220
13947 13949
904 907
2939 12852
2675 10563
5463 5466
591 4093
8520 8526
105 1846
1809 14114
14196 14201
54 2803
4293 6409
4951 5913
2979 3495
14210 14230
2676 4643
14214 14215
842 2042
14190 14218
1385 2171
591 1876
1322 7418
569 11276
1322 2679
172 422
1808 3802
7960 13117
9235 9237
54 1385
597 868
14214 14230
229 230
14188 14214
5341 11778
451 9391
14186 14209
4055 8484
3380 3381
2945 2946
592 593
14210 14217
906 907
578 4392
2679 2680
14208 14230
9849 9851
9834 14217
4547 8824
13116 14103
4810 10620
1765 1838
1543 14079
14056 14058
382 5653
14184 14202
782 1711
2436 2438
2191 2193
428 11070
4034 5341
14185 14187
14211 14217
293 4422
583 3568
1807 3802
370 1819
14203 14226
14194 14206
3594 3598
2676 9557
14197 14227
1863 7352
590 591
5498 13959
4625 4627
5699 5700
2191 2194
14192 14215
14218 14226
14201 14226
14220 14223
172 859
2981 2982
14192 14205
8565 8567
583 1876
8493 11361
14190 14216
14201 14206
14196 14228
578 860
14192 14220
14193 14194
809 938
13946 13952
3850 7744
13945 13947
14198 14211
1519 5760
172 2639
14184 14221
3597 3598
721 945
5571 5572
4440 4441
4244 4245
14228 14230
1765 3806
7932 7944
13 53
729 805
9988 14207
1045 9809
2044 2943
791 2125
14200 14221
1765 5645
6202 6205
132 2981
2446 8028
14098 14100
9460 14171
459 460
3802 4232
11780 11907
6621 6623
3070 3074
96 5502
19 2956
2675 8512
11955 11956
10305 10306
14205 14219
172 451
1763 5645
13906 13907
14213 14224
3802 3803
1093 8073
297 317
14186 14211
3443 3444
7791 8493
382 1426
782 783
591 1962
14201 14218
1227 1228
592 11379
591 1961
1912 1917
14203 14214
14197 14202
14191 14225
14199 14219
14191 14207
14191 14215
2006 4438
14207 14219
495 8806
1080 1081
14194 14196
14184 14210
2399 2400
3255 3256
5654 7507
1876 3569
1585 1587
315 317
1911 14055
4126 4127
1576 13895
3602 3603
10564 10565
412 8516
4440 4615
14186 14224
13956 13957
888 1765
14139 14141
4168 11798
632 1535
106 107
872 875
14209 14212
591 2687
804 5919
8521 8526
14140 14141
592 1963
14198 14214
591 5826
1 136
14216 14227
2063 2091
1141 5974
543 684
13946 13948
7707 7709
14255 14256
1492 1493
14189 14228
14199 14211
452 2640
14211 14212
172 4951
2548 2549
14185 14207
684 1660
14199 14226
14195 14222
2074 2506
5277 5278
3340 10492
9443 9448
6082 8466
160 162
578 2640
14128 14129
14186 14203
217 1383
889 1001
14202 14224
6773 8667
4951 11574
219 407
14205 14212
14206 14229
4168 11799
14189 14204
14216 14224
14196 14217
6990 6991
4658 4659
901 4394
1922 1923
216 4381
14187 14198
10071 10073
14187 14191
14206 14207
9988 14200
759 760
799 3878
799 1873
597 1889
14185 14223
2687 2688
898 2171
14203 14224
14189 14194
54 898
1148 1149
3791 3792
2199 3318
14188 14204
14033 14034
1950 1951
1547 1549
14218 14220
153 166
5541 5544
7295 7296
14199 14217
5502 5504
5654 9533
12047 12050
207 209
578 1518
14191 14224
999 1001
14189 14206
395 8197
14207 14209
218 219
14184 14190
14198 14215
578 1417
251 11670
8522 8524
48 252
727 3528
14206 14214
14184 14218
52 11722
47 683
14195 14200
9834 14191
14184 14213
14169 14171
1961 1963
257 14231
5323 5325
481 1150
9834 14203
40 11670
96 1316
428 11065
9173 11071
14198 14223
5654 10945
1120 1413
14186 14226
14189 14190
477 3692
592 4094
14185 14218
859 861
615 1328
2442 5641
2665 2668
7332 7335
14196 14204
12271 13940
4766 4767
791 14179
14200 14215
1576 1577
3073 3074
132 13989
8564 8566
14202 14226
207 572
14217 14219
14196 14214
3750 4307
591 1963
172 1144
172 2640
300 804
3780 9108
1338 1341
14217 14222
14197 14229
1808 4232
218 1384
291 294
4196 4197
809 1360
13948 13951
481 4166
9173 11066
7810 7812
7295 8269
14207 14218
2542 5126
1519 5759
5913 11574
633 807
807 938
14201 14230
298 14034
4210 4212
5461 5465
14197 14210
3789 3790
5403 5407
1168 3385
2367 6221
7826 7829
54 2171
14194 14230
2547 2549
13946 13950
800 801
5858 10186
14193 14215
156 730
421 804
3445 3446
730 1543
2246 2247
875 876
1808 14114
8522 8526
14209 14225
872 873
11065 11070
816 9421
434 1621
7552 10029
14204 14207
428 9173
585 4607
13947 13948
1765 5484
14192 14206
14190 14204
4127 4128
573 843
608 609
6216 8656
766 2558
914 2025
768 2436
14195 14225
292 294
14194 14213
14187 14205
5020 10300
14192 14228
78 2074
14184 14195
428 1108
14203 14215
7277 9446
2666 2668
2009 4067
1211 1412
2197 2200
172 1168
5729 5730
14215 14227
481 1947
172 3381
592 3568
213 759
3387 4165
3543 5072
14204 14221
287 8596
1724 6964
14189 14213
9834 14197
14184 14209
5020 10299
8520 8525
9988 14225
207 211
4438 4441
698 700
1807 1809
1167 1168
14208 14216
4261 10491
14185 14198
14189 14221
9834 9988
2623 2624
1068 1069
555 13959
2125 2126
14211 14224
10975 10977
410 4034
9834 14225
665 666
782 809
3842 4105
9834 14215
8596 10168
6201 6205
14202 14207
9445 9448
172 862
2242 3967
1587 2070
1548 1917
257 2321
1009 2316
1150 1621
729 804
14202 14216
11070 11071
13000 13243
2367 4131
452 1518
4104 4105
1876 1962
14206 14223
14199 14220
14199 14208
1356 3567
2385 2386
14194 14221
1327 1328
14252 14253
14219 14223
14194 14208
13948 13949
4240 4241
3878 7562
14192 14213
14201 14224
218 8694
14184 14200
782 10776
3072 3074
5021 6337
578 669
14199 14203
14173 14175
1903 8805
6420 6421
14191 14220
14057 14058
14205 14225
14197 14204
2446 2814
1948 1949
14199 14229
578 5215
8525 8527
626 829
12460 13045
132 4810
304 10701
13945 13950
807 3227
14224 14227
494 2242
3595 3598
1763 5487
14211 14219
14197 14214
1385 1711
395 507
14193 14222
1214 4649
5654 10655
53 3257
867 1889
14192 14193
14187 14222
14211 14218
2436 2437
13945 13946
257 2320
4969 9266
7707 7708
4392 13142
14190 14194
14187 14219
592 1962
10975 10978
1724 6918
428 11071
112 5110
1585 1586
14185 14186
6773 8664
10712 10714
96 5073
9988 14201
2695 2696
1492 1494
1712 2803
1543 2275
14201 14205
14192 14221
14209 14218
1951 1952
2286 3736
2944 2946
14205 14226
1009 2454
9988 14215
218 1903
8493 11362
46 4763
252 382
14204 14227
14210 14224
14200 14222
791 2126
5341 8575
14196 14227
14198 14202
2797 5759
10976 10977
14184 14222
14214 14227
53 3258
14207 14213
133 573
2454 5500
615 1876
14190 14215
14189 14214
14184 14208
1081 3979
408 7335
804 4479
8947 8948
14204 14214
13950 13951
660 2500
14212 14225
1628 6409
11360 11361
3380 3382
1660 4763
14190 14217
592 1748
96 1484
172 3382
3189 4067
4034 4035
781 1067
13929 14173
412 2674
1322 7417
578 14103
14056 14057
14209 14222
14213 14227
834 7475
10776 11702
1808 3803
8567 10839
14098 14099
213 2471
3842 4104
10713 10714
5462 5463
1327 2666
3072 3073
597 867
14432 14433
807 809
10840 10841
6529 6530
2006 4439
452 2641
14210 14216
9834 14216
1211 2542
317 591
4685 6547
1746 6439
11064 11065
14187 14227
1765 1839
1211 2539
14186 14223
578 4394
14139 14140
583 1963
887 927
8134 8136
1652 1653
14211 14213
14197 14203
684 4763
808 1572
14195 14221
14188 14190
252 3375
14209 14211
7751 7752
6732 6733
14253 14254
2025 5751
8521 8527
3750 4086
14220 14222
8268 8269
8655 8656
14203 14225
3071 3072
172 669
659 660
14196 14218
9834 14185
14219 14220
14216 14225
1093 1248
4261 10492
14213 14217
13948 13950
14216 14228
340 8563
13974 13975
1262 2091
10071 10072
14197 14217
14185 14208
6596 7074
494 4156
14192 14230
14187 14200
669 671
14186 14204
1191 6737
8564 8567
37 416
578 2641
14 1143
1022 13243
252 6846
4237 4238
14206 14228
6275 6276
4236 4239
14187 14190
1211 2873
904 906
1819 6410
1711 2803
1328 2665
721 1372
14189 14203
11954 12086
2917 4678
2799 11908
229 7904
13 3258
14198 14210
3543 4061
3070 3073
112 808
5327 5328
1494 2210
251 1426
4969 14140
14190 14201
382 1425
1911 9536
46 47
9460 14170
1807 14113
14194 14216
14190 14226
96 13390
2386 2905
14200 14207
90 6374
14200 14227
13905 13906
14191 14208
2242 2341
6202 6204
10108 10109
4094 4095
14201 14217
1211 5126
14220 14230
5730 5731
658 661
172 452
14187 14197
1227 1229
54 6622
4437 4438
19 13919
434 3444
4209 4211
112 593
1911 14054
14184 14229
8521 8524
54 220
5889 5890
54 1384
112 1572
14192 14214
42 782
3384 3385
1195 13117
14207 14224
370 6410
591 4094
1445 7082
573 844
2675 8513
1961 1962
1385 4481
2041 2208
5641 5642
14191 14214
1383 2637
14194 14199
2091 3284
14223 14227
721 2854
14188 14195
3595 4888
9988 14230
4547 6673
4237 4239
4969 14142
172 860
72 14055
40 251
41 1540
14199 14209
1876 1961
9988 14219
4267 7026
96 420
1356 3568
8664 8667
1518 1519
14203 14216
11334 11335
5544 5545
2675 9557
2547 2548
14185 14210
1707 2625
14191 14223
257 2318
2007 4615
14200 14216
1484 9251
7648 7649
14220 14224
480 729
14057 14059
4574 5404
46 683
887 3284
657 659
5728 5730
13899 13900
1847 1848
14195 14209
294 295
412 9558
103 107
218 11361
382 9534
14190 14205
14189 14216
729 4479
14219 14224
2835 2837
874 875
217 1384
3016 5791
14191 14205
1385 4061
38 1746
317 2627
2674 4131
782 3227
1383 1903
1045 3632
4211 4212
14202 14217
14205 14211
213 760
11065 11067
11085 11086
132 5700
1484 1660
1876 3568
480 1621
1193 1196
11798 11800
4234 4239
5463 5464
1328 7519
4438 4440
14185 14220
5502 5503
1211 1413
1241 2400
1950 1952
634 4481
6773 8665
3254 3257
2007 4441
11439 11440
2918 4677
14199 14200
13965 13967
8566 10839
2171 3842
7297 8268
14185 14229
14196 14221
2919 3434
14210 14219
2024 2026
5572 5574
5539 5544
14205 14206
1108 1818
1743 1747
14196 14199
5405 5406
4268 8563
9834 14198
5021 10299
14200 14228
48 251
14208 14215
631 632
104 106
7277 9447
754 1809
8520 8524
5325 5328
14203 14206
14192 14216
1411 7977
14206 14215
3967 4156
1548 1914
1663 1665
412 4132
14194 14219
7960 10099
3190 14034
4093 7752
2548 2550
14252 14256
13045 14027
14215 14230
395 1084
585 8859
14186 14218
14190 14223
4949 10776
14196 14203
11907 11909
9173 11070
5642 5643
1148 1150
2541 7517
887 3057
8823 11066
702 703
1196 13117
14210 14211
14206 14222
14054 14055
14217 14221
5668 6220
8642 8643
1838 1839
14218 14225
5578 5579
218 4481
13921 13959
3789 3791
2007 4437
14199 14228
7295 8268
14209 14226
14188 14223
14179 14180
14205 14224
481 1946
14224 14225
14187 14212
215 218
2549 2550
14204 14208
14196 14211
1044 9961
1894 14064
14209 14210
54 407
1867 3979
14184 14201
578 1416
633 782
2007 7708
13370 13371
10062 10063
5654 9534
14195 14197
2367 6220
14113 14114
14215 14218
317 13874
3190 13435
14197 14213
14189 14219
10562 10563
578 2639
11954 11955
14191 14197
216 7791
2041 8948
10300 10301
869 8452
154 155
385 9016
2873 5322
14212 14213
1228 1229
1548 1549
217 218
2686 5791
6673 11068
1765 5485
14188 14201
14060 14247
14188 14193
385 573
4210 4211
494 2341
3382 3384
8596 10170
3870 3872
2190 2194
172 13142
39 11111
14204 14226
5859 10186
5073 5502
1549 1912
2007 4440
14193 14208
11064 11068
13115 13116
209 1081
14227 14230
37 428
382 6553
14129 14130
1947 2116
1660 6648
220 1384
10072 10073
6202 6203
597 870
14191 14227
492 494
665 1383
14184 14212
1322 2680
1291 7791
1911 10142
5323 5324
14194 14205
592 2943
14211 14223
671 1519
14189 14191
14198 14203
39 252
550 632
14185 14219
905 907
2246 10669
2610 2611
1168 1169
10711 10714
1903 4410
3790 3792
622 5914
9988 14184
5485 5488
1807 14114
11780 11909
1951 1965
14207 14221
14198 14224
9848 9849
2577 4061
14204 14205
8823 11070
5020 6337
3070 3072
112 591
408 507
87 2125
172 6240
133 3353
14200 14208
172 450
14188 14213
6673 11071
1721 1724
9848 9851
14213 14226
2674 2731
9988 14190
14185 14221
2007 7709
914 10305
5543 5545
14201 14216
905 906
1141 5975
12049 12050
4574 5405
3326 7218
72 317
14195 14213
734 1492
4234 13953
1360 1361
14204 14215
14192 14198
9444 9448
14194 14198
1876 3567
9834 14188
14205 14218
14211 14214
270 11997
14191 14213
5974 9135
13970 13972
215 4381
428 11068
3205 3206
385 412
8450 8452
2803 3525
8564 10839
3659 3660
14207 14215
14187 14218
1291 11361
14188 14226
5539 5545
4806 11379
14186 14205
14252 14255
13974 13976
589 593
2341 4156
1652 1654
4261 9721
213 214
6254 7128
54 1903
14213 14218
1947 2115
12086 12087
14213 14221
13959 13960
14218 14229
172 577
1575 1576
1385 10564
6491 9721
54 5208
13946 13947
481 1621
14214 14228
14188 14198
14221 14226
1904 2637
14187 14196
5541 5542
874 901
13905 13907
14197 14220
9850 9851
1547 1913
14207 14226
9988 14224
426 12271
1863 1865
7242 7243
4267 8563
397 1707
14195 14224
5975 9135
4237 10186
1017 13989
14216 14222
6528 6530
2676 9558
2007 7707
14196 14215
4440 4616
1763 5485
10976 10979
14189 14202
218 1383
5498 13921
3257 3258
13 3257
432 10372
2367 4393
14193 14229
2731 7242
220 2074
14187 14228
252 7507
781 782
1328 7518
2674 4132
5654 6553
1327 2668
14223 14226
14202 14229
434 3445
14097 14099
14201 14229
3340 9721
434 3443
1009 5500
4547 11065
1808 1809
14220 14225
14226 14229
2918 4678
4132 8516
1889 1890
578 872
2275 2789
7026 8563
867 870
14221 14225
4241 4243
13929 14175
54 4104
2311 5092
9988 14212
6374 9251
9443 9446
9834 14222
5288 10776
3380 13972
14185 14201
10060 10063
14210 14226
14192 14217
658 659
14202 14212
1327 2665
14185 14194
7647 7648
4654 4658
2357 2979
931 14433
1350 2634
172 5287
9988 14187
1903 11950
3328 5073
270 5208
42 585
9988 14218
5731 10054
583 2609
5889 5891
14218 14224
2676 4131
5462 5464
3057 4859
9834 14200
9834 14186
14192 14222
428 927
450 5341
37 868
4676 4677
1045 13390
14190 14193
4240 4244
271 3989
1067 1068
452 2638
209 7352
4481 6623
2917 4676
428 8824
1948 2114
1045 4717
474 1577
1385 4307
14194 14204
112 5111
1383 1904
14184 14204
14201 14204
13945 13949
416 7880
5324 5328
420 1660
14195 14230
3380 3384
9529 9530
4011 13215
506 3571
218 5073
14184 14223
14212 14226
5728 5729
105 1848
14195 14208
887 4859
1621 1710
14185 14189
2360 7349
10712 10713
2360 2362
754 5879
38 1747
686 688
14208 14221
14148 14149
14190 14214
9834 14207
1196 1746
1141 9135
14207 14212
1019 5700
4165 4166
809 2234
54 782
495 1904
14208 14209
804 3535
1865 1867
2731 4131
11065 11066
14197 14206
4949 11702
804 4482
2441 5640
14197 14212
14190 14206
1664 1665
14221 14224
578 864
1291 11362
8520 8523
2091 3322
9834 14199
5581 5583
172 2074
1876 2385
14199 14201
37 870
12459 12460
578 13142
14189 14218
382 9533
10060 10061
14196 14222
218 11362
5873 5874
14216 14220
2024 2025
9443 9447
10620 13989
839 1668
1863 1867
14219 14225
6418 6419
5461 5462
1763 1840
799 7562
412 4131
7518 7519
132 6288
78 2506
4093 5825
1913 1914
14203 14205
14097 14098
1122 1123
167 168
14187 14208
578 1168
13946 13949
4547 9173
4969 14141
14185 14190
4684 4685
14199 14223
14139 14142
7277 9448
5540 5545
96 1659
4093 9659
1894 11980
14202 14228
698 702
14193 14228
1548 1915
298 13435
860 861
14206 14225
14189 14199
14215 14224
14211 14222
14215 14216
481 3212
9834 14209
6732 6734
14194 14211
6082 6083
17 3353
5791 5792
1963 3568
72 14054
5498 5499
4653 4658
4654 4656
132 3525
14195 14196
9834 14202
480 1150
218 2171
14195 14227
397 6934
592 3670
633 6991
251 297
687 689
407 958
1911 2824
2977 2978
172 861
14193 14220
39 11110
14189 14215
615 2665
370 4293
4949 5288
14184 14185
700 704
14191 14206
10050 10051
14191 14222
217 220
172 8169
14215 14225
46 684
14205 14223
6311 10299
3254 3256
633 3227
615 1961
1546 1549
54 6623
2799 11780
88 754
14202 14218
14193 14209
1356 3569
2199 2201
14204 14229
812 8134
764 2340
729 3535
683 6491
671 5759
14195 14212
2340 2558
217 219
218 2637
96 1315
870 1890
6424 8563
14203 14210
14189 14192
14174 14175
9943 9944
686 689
591 13944
1549 1913
270 4086
14188 14206
495 1660
14129 14131
6201 6202
408 591
14191 14226
172 2712
1195 7960
7218 8027
1076 2273
492 4156
3803 4232
1385 5741
2198 2201
1196 1843
3382 3385
14194 14223
14193 14213
5276 5278
14188 14209
9266 14141
3561 3562
5022 10841
9834 14214
13948 13952
1501 1502
14184 14215
13681 13683
14060 14248
3870 3871
8664 8666
13957 13958
5403 5405
4717 8774
631 633
14187 14195
8823 11067
1341 1342
2446 3326
4240 4243
3596 3597
1549 1915
14191 14196
8596 10167
41 169
592 4096
14202 14204
295 4422
61 2271
876 5589
14208 14224
146 5480
800 5490
10109 10110
657 660
5872 5874
14198 14225
14189 14223
6773 8666
452 2091
5073 5503
730 2837
14208 14222
3381 3385
1849 1964
702 704
4392 4394
172 2820
4237 5857
4657 4659
37 609
5487 5488
9173 11067
5485 5487
7826 7827
14190 14224
14217 14220
807 3242
1809 3803
11907 11908
733 949
14221 14227
14185 14204
14202 14221
5654 6552
591 3670
17 132
252 1426
37 608
12048 12050
1 5298
3789 3792
14187 14211
14184 14230
867 1890
479 804
14212 14230
13971 13972
684 13371
14215 14217
7161 8587
1385 2803
14200 14225
14213 14219
2717 14170
2006 4437
3375 6846
578 2638
9403 14139
14196 14212
5110 5111
1763 1765
683 4261
6025 6026
3321 3322
1911 9108
14186 14220
14222 14227
14186 14217
9173 11064
12851 12852
450 861
53 3254
172 887
3190 14033
166 167
14204 14212
5326 5327
14195 14215
4655 4659
317 726
6673 8824
550 13782
9444 9447
5480 5481
857 858
2835 2838
14207 14214
480 804
492 1313
1384 1385
14188 14197
1291 1359
1291 11360
14140 14142
218 4381
9834 14223
14 1145
14217 14229
104 105
14186 14206
3205 5438
317 1911
54 634
3326 8028
730 2275
14204 14209
2632 5583
14197 14221
14197 14205
14205 14210
1020 8867
2190 2193
7218 8028
14224 14228
14197 14215
14191 14219
14187 14202
14216 14223
14195 14223
7810 7811
3806 5645
14225 14230
8824 9173
1904 8806
14189 14222
1712 3536
9988 14206
686 687
215 216
5021 10840
9834 14208
2675 2731
14189 14201
14202 14209
9988 14223
1385 2577
4132 10562
14194 14214
14192 14195
3070 3071
112 590
2007 4616
591 7338
8027 8028
9834 14189
791 14180
14190 14203
6621 6622
14192 14223
14205 14207
14206 14212
1547 1912
816 1317
4086 6338
591 4092
2797 5760
14188 14212
6528 6529
14201 14215
1721 1723
664 666
14204 14217
2007 4438
6673 11070
14198 14216
664 665
4261 4263
11798 11799
1746 7960
5816 13574
14193 14212
1920 1923
6561 9153
6204 6206
481 1949
13681 13682
2675 4643
14191 14212
9834 14187
9988 14191
9266 14140
434 1150
10977 10979
14217 14227
578 13116
1315 1316
5728 5731
4132 4649
507 6270
8823 11071
14185 14211
9848 9850
5974 9134
5542 5544
9988 14198
4209 4212
10564 10566
153 168
36 3464
578 873
9235 9236
14185 14188
14209 14220
14211 14229
861 14118
14205 14217
4717 9809
48 9251
209 1867
14200 14220
13945 13948
589 590
54 7102
2360 2361
14194 14200
14190 14213
5462 5465
3239 3241
9834 14201
4242 4245
452 2639
14203 14230
172 5402
9447 9448
9834 14190
9236 9237
2920 3239
4261 11439
340 4267
591 615
14193 14221
37 867
1950 1953
5324 5327
287 2446
1385 3750
2367 2855
14198 14208
12807 12808
14201 14203
13681 13684
3806 5485
3340 10491
1340 1342
4439 4440
638 839
54 4105
1763 5486
397 3786
53 2803
13929 14174
4654 4659
4034 9562
1141 9134
5020 10840
3750 6339
1819 4293
636 1668
14057 14060
597 869
2274 2789
218 5072
14242 14243
1228 2440
683 6928
495 1903
172 3380
1549 2123
172 687
938 13900
14207 14227
14149 14150
2006 2007
8197 9581
432 766
14187 14217
5541 5545
14186 14190
1660 1903
14201 14221
2540 2542
412 4533
555 13921
14220 14221
13970 13971
14196 14206
1660 1661
958 1362
14206 14218
450 901
2213 6576
14184 14224
632 4951
949 5374
14188 14228
1241 1628
8518 8519
999 1000
14210 14218
13115 14103
13 3256
408 7338
5405 5407
87 2126
14191 14199
14187 14225
6648 11950
5461 5463
5573 5574
508 509
1168 8169
14203 14223
14223 14229
4547 11064
3057 11574
132 8867
172 13116
14188 14215
2814 7218
11066 11069
14192 14204
2114 2115
573 4548
14213 14216
3632 9961
14197 14226
906 908
14059 14060
416 3624
2717 9460
9988 14213
766 10372
14056 14059
3594 3599
4654 4657
4241 4242
4243 6585
9557 9558
1809 14113
14214 14220
1763 1839
14187 14220
7647 7649
1019 3525
340 7904
9988 14185
14 1413
14186 14225
10060 10062
3958 3959
218 634
1455 1457
13954 13958
876 901
1327 2667
14210 14227
218 8493
10167 10169
4653 4657
14188 14218
14202 14205
14209 14230
416 5150
412 4643
1001 2213
4234 4237
14214 14225
14220 14227
680 1903
14196 14205
1317 9421
112 169
9834 14193
1572 5111
48 3375
14210 14220
3380 3385
782 4949
13964 13967
2640 2641
54 219
1763 1838
14187 14207
4393 5913
13954 13957
14195 14199
14209 14216
14210 14229
477 478
340 7026
209 211
252 1425
172 13115
2115 2116
4655 4658
4656 4659
14210 14213
14204 14213
578 859
2577 8656
11908 11909
578 874
3256 3258
682 11262
3594 3595
105 1847
5732 10054
14216 14218
904 908
2198 2200
14192 14210
3239 4182
14212 14221
6220 6221
1084 6270
8320 8321
2273 2789
2114 2116
14202 14220
703 704
2441 8688
8665 8666
37 7880
14206 14224
869 870
1168 9903
5872 5873
2007 4439
4441 4616
14218 14228
4815 11815
9443 9444
8521 8522
720 721
14 1211
5640 5643
14208 14212
1045 4850
13 3255
5654 8123
434 3446
636 839
6928 10492
9988 14229
14203 14222
14190 14212
494 1313
592 13874
2674 2675
660 2665
14200 14219
3871 3872
14189 14207
1951 1953
14193 14198
4197 4199
10168 10169
37 2815
873 5589
14192 14199
14200 14226
578 5402
2341 3967
14204 14228
14214 14219
9988 14217
578 13115
11064 11066
958 959
252 2709
419 420
506 5341
14221 14223
14209 14219
622 9948
6489 9721
492 2341
452 578
96 1661
5857 5858
14170 14171
14211 14221
14198 14206
1121 1122
72 3482
14187 14226
14192 14224
867 868
14186 14228
14194 14202
13955 13956
2437 2438
4381 7791
14184 14226
1484 1659
3326 8027
14185 14191
370 6409
842 1482
3444 3446
3806 5487
592 2686
3443 3446
13951 13952
3380 13971
14192 14201
4439 4441
53 54
7296 7297
10420 11148
3383 3384
14197 14198
1004 1005
14211 14228
14192 14202
7809 7811
861 864
590 593
6083 8467
54 1904
14207 14228
5485 5486
14193 14226
14213 14220
812 8135
14201 14227
8523 8524
859 863
14207 14222
416 1710
1328 13541
14185 14212
14188 14211
54 4481
1326 3663
9444 9446
2454 5499
14191 14218
14213 14229
7944 7945
317 592
5500 5501
868 8451
7791 8694
1809 4232
2674 4643
14203 14229
37 1621
172 3385
782 2844
14221 14228
5021 5022
14191 14203
5324 5326
14199 14230
385 4548
4093 4094
4243 4244
874 5341
14201 14214
2803 6288
583 2943
14217 14230
179 4011
293 295
8517 8519
591 5825
683 10492
10976 10978
1547 2123
1077 1093
657 3380
14187 14213
14189 14224
583 2044
14205 14208
14205 14216
215 7791
699 703
105 107
14217 14226
1214 4132
13949 13950
734 1494
155 730
2190 2192
14191 14211
14200 14205
1920 1922
13947 13950
434 481
9988 14192
14204 14219
14216 14221
1121 1413
4132 10563
6204 6205
1949 2115
14197 14199
2814 8028
2539 2540
14217 14228
494 3967
5325 5326
14196 14216
14058 14059
2318 14231
2161 2956
5403 5406
14190 14191
14194 14212
1575 13895
890 1758
14056 14060
14198 14218
5641 8688
10049 10050
360 12339
14206 14213
48 1426
1196 10099
3240 3241
14201 14212
638 1668
14184 14187
251 252
412 2731
14190 14198
3284 4859
14197 14222
721 1411
12047 12048
370 2400
12757 13000
14188 14192
2009 3189
9834 14213
14197 14207
4481 6622
298 3190
1108 5082
4547 11067
211 572
942 943
9016 9018
14210 14223
5975 9134
14254 14255
14214 14226
1 13970
14185 14227
1493 1494
2844 3227
4437 4440
54 270
9988 14189
889 6576
14199 14222
1017 4810
14190 14219
6203 6206
14212 14223
216 218
870 1889
782 2234
14222 14224
14226 14227
862 864
14141 14142
657 13972
14193 14227
5539 5542
14203 14207
90 9251
14198 14199
1168 3382
3381 3384
14202 14219
2686 5792
809 1211
14193 14199
14186 14216
14191 14202
2543 5572
14185 14196
14221 14230
287 10169
726 727
8823 11064
1193 1194
14223 14228
397 713
2441 2442
14184 14207
2831 7977
1093 7218
48 1425
5020 5022
2918 4676
1122 1413
1022 13000
9234 9237
1484 6374
14188 14200
5858 5859
14202 14214
1291 1361
14212 14215
172 3284
220 1385
2610 2612
14222 14228
479 480
4547 11070
12757 13243
14194 14226
1150 4165
4864 4865
14206 14210
5728 5732
395 9581
1807 1808
4235 4236
146 5479
2836 2837
317 727
5132 11440
8824 11065
13541 14235
2638 13274
7751 7754
14199 14214
1262 2674
382 7507
1385 10566
4805 4806
14198 14200
798 799
14209 14229
4615 4616
3239 3240
1543 1545
2171 4104
3598 3599
3632 4717
9834 14229
14203 14217
132 14132
4261 6491
591 2386
14193 14207
1291 8493
172 1262
6339 11997
47 407
901 13142
9834 14206
14185 14228
8451 8452
1340 1341
1704 6732
14191 14198
11064 11070
14193 14218
873 875
2124 2126
14186 14195
14187 14214
1145 1518
217 1385
760 2471
450 578
14200 14206
14201 14222
3750 5208
4034 8575
54 2637
1195 1746
1328 14235
2731 4132
4969 14139
14200 14223
3483 8663
1807 3803
493 494
1659 1660
4990 4991
14218 14227
14187 14194
1000 2213
1020 3525
1809 3802
1044 3632
1548 1912
9988 14194
14198 14221
907 908
218 7791
14204 14216
39 3561
14206 14208
2675 4132
1335 1337
3482 3483
14206 14219
7343 7345
14195 14217
3340 6491
1586 1587
729 2046
2367 4392
2577 7102
5540 5543
14190 14200
382 6552
1663 1664
5461 5464
1839 1840
633 6990
14198 14217
3284 3321
14199 14206
165 167
713 3786
5539 5541
14198 14226
4605 4607
1963 3670
14195 14203
1621 7880
13 3254
633 2844
4242 4244
3594 3600
14185 14213
9988 14204
698 703
14238 14239
14189 14210
2247 10669
14190 14222
14192 14219
14198 14209
397 9943
8823 11068
807 2234
4093 4095
14189 14200
2666 2667
730 2836
1412 1413
9445 9446
14195 14206
3328 5503
14196 14208
481 1948
4627 9027
3383 3385
14185 14230
2441 5641
862 863
1328 2668
868 869
14194 14209
2638 2639
12612 14116
14186 14187
2320 2321
7297 8269
124 812
14213 14230
14215 14222
2273 2274
3340 6928
5073 5504
2286 2334
873 5590
382 2709
5503 5504
657 661
270 9308
14200 14211
591 2905
14199 14225
4093 7754
14208 14214
14197 14218
14227 14229
8664 8665
9988 14222
859 864
506 1291
729 4482
5323 5327
14208 14228
178 179
172 4392
218 11360
1415 1416
1911 2825
42 4605
291 292
1867 7352
683 3340
1081 2361
2639 2640
14200 14213
14200 14230
172 688
14206 14227
14187 14201
578 875
1916 1917
39 251
17 573
2542 7517
2674 2676
14190 14208
14208 14213
1067 1069
4676 4678
7809 7812
14203 14221
428 1818
14209 14223
1763 3806
14212 14229
12048 12049
37 869
7173 8518
2318 2321
1196 10155
54 1711
1 3380
14184 14225
8135 8136
861 863
9988 14221
2686 3016
671 2797
1282 1283
14204 14223
107 2070
37 1710
7960 10155
5577 5578
14186 14191
3599 3600
14201 14209
14187 14193
578 2712
14222 14229
592 2687
2025 2026
2632 5582
14198 14207
14214 14218
2273 2275
12460 14027
4655 4657
3444 3445
87 2124
808 5111
172 2506
1587 2071
9834 14212
1121 1123
1724 8472
5640 5642
1763 5484
9988 14228
14188 14210
10711 10713
4263 11439
9988 14193
5857 5859
172 4859
1262 2731
9988 14211
14186 14227
867 869
46 2634
11065 11069
14192 14203
8522 8527
873 901
4267 4268
2124 2125
9834 14220
2070 2071
14185 14195
1 13972
48 1484
3568 3670
14185 14202
14216 14229
2686 5919
507 9921
2105 7787
13954 13955
14218 14230
7791 11362
219 220
8484 8485
9134 9135
4234 4238
450 874
160 161
422 578
1660 8805
14201 14228
6025 6027
14210 14221
578 1145
14189 14225
14213 14223
14202 14206
14205 14222
1045 8774
8665 8667
2731 7243
14220 14226
1107 1818
9446 9448
2226 4289
2873 7732
1876 2905
42 807
11110 11111
132 2803
452 2820
14189 14209
54 5742
3482 8663
699 704
13683 13684
4132 4533
421 729
14202 14211
2367 4394
410 11778
4769 4770
8520 8521
1079 1080
591 1748
13954 13956
14184 14186
1765 5488
3598 3600
5324 5325
172 3057
3255 3258
13964 13966
5020 10841
754 1808
1168 9902
434 480
7743 7744
615 660
9988 14205
11066 11067
8641 8643
1946 1949
2540 2541
1949 2116
958 1363
14216 14219
2639 13275
1572 5110
14187 14189
14210 14212
573 1191
2505 2506
2577 8655
4859 6240
10712 10715
10700 10701
2197 2198
14228 14229
428 11069
6552 6553
14201 14211
607 608
14212 14224
1147 1148
5542 5545
11954 12087
5728 10054
41 112
660 2666
14221 14222
1946 1948
14201 14202
6276 6277
9443 9445
14212 14222
14188 14194
591 7335
172 686
1 657
2939 12808
11064 11069
14212 14214
14218 14219
5543 5544
2674 4533
14191 14229
4547 11066
218 4061
14223 14224
4094 4096
428 8823
914 915
2814 8027
4437 4441
1660 11950
14197 14223
36 1743
14187 14223
805 4479
14188 14224
14221 14229
14195 14216
5325 5327
6528 6531
13274 13275
14058 14060
14189 14197
154 156
4238 4239
14195 14207
1710 7880
632 633
591 2609
2676 8513
1746 1747
14190 14199
5462 5466
14198 14230
12047 12049
5731 5732
11780 11908
14214 14223
615 2667
507 1084
889 2213
14193 14201
14211 14230
5575 5579
9444 9445
14191 14210
1168 3380
14196 14210
459 461
812 8136
1947 1949
14186 14197
105 106
8541 8542
2454 5498
931 3460
54 4061
2675 2676
11954 11956
14213 14228
14209 14215
4095 4096
14207 14217
5729 10054
14207 14220
14207 14223
868 8450
14203 14219
4093 7751
6731 6734
5577 5579
6673 11069
4616 7708
683 10491
36 1747
2367 2731
734 1493
14191 14204
4235 4237
14188 14196
14190 14211
14204 14218
450 1291
14191 14217
14207 14230
914 10306
1765 1840
14201 14213
14224 14226
4241 4245
209 1865
4815 11814
8689 8690
19 2161
1807 4232
14194 14195
4810 13989
3057 3284
2190 2191
2169 3461
90 1484
13947 13951
8521 8523
4547 8823
1359 1361
4086 6339
664 667
1920 1921
14205 14215
578 863
2824 2825
729 5919
1385 10565
578 3571
14195 14204
5484 5486
218 3750
1120 1121
14185 14214
8824 11066
229 340
7344 7345
1707 2062
4240 4245
14190 14192
9528 9529
14194 14225
2946 2947
6673 8823
8524 8525
2274 2275
1519 5761
4392 4393
700 702
14194 14203
1548 1913
9173 11069
14188 14208
6733 6734
132 1020
14193 14219
14200 14224
14199 14215
14203 14228
578 862
1948 2115
5760 5761
1704 6731
2271 2272
14193 14206
14218 14223
873 874
573 6737
4241 4244
14198 14201
3850 7743
1912 1914
7512 11364
14202 14223
1145 1519
14193 14205
14211 14227
14184 14203
1911 3351
14197 14230
238 6686
14184 14198
14190 14229
6964 8472
698 704
1876 2386
14198 14220
3254 3255
684 13370
14207 14229
407 683
5539 5543
3790 3791
1549 1914
420 1484
73 829
5406 5407
1044 1045
14185 14192
5654 7543
657 658
14206 14211
61 2272
96 1045
172 2713
766 2340
1947 2114
4243 4245
14204 14210
14189 14230
14188 14189
680 4410
14198 14227
3381 3383
5072 5073
5498 5500
19 13920
10061 10062
1315 13390
37 5150
905 908
159 5081
6419 6420
112 589
260 2208
14196 14200
14246 14247
270 6339
3131 5913
1911 8287
8466 8467
5498 5501
2539 5126
72 8663
14186 14215
1228 2441
2062 2625
9834 14221
14197 14228
38 3464
412 9018
1653 1654
632 1572
1328 4565
5540 5541
1193 1195
2543 5571
12474 12475
14196 14220
4654 4655
14060 14246
14194 14224
230 7904
14184 14214
14191 14228
1168 3381
266 267
14186 14222
14206 14216
1383 1385
14195 14214
2171 3750
14222 14223
96 1660
5403 5404
14189 14198
14203 14211
7827 7828
14202 14203
3190 14035
10713 10715
2675 4533
5575 5576
2543 5573
657 13970
671 5760
1545 2275
2446 10169
14188 14191
14215 14219
9173 11068
2197 3319
1081 2360
14215 14223
2835 2836
14195 14228
1723 1724
3328 5504
4547 11071
5323 5326
4677 4678
3505 3506
14200 14214
14219 14227
426 13940
2171 2637
2632 5581
8823 9173
14196 14207
9445 9447
4034 11778
14217 14225
360 5757
124 8136
7349 7350
5890 5891
6622 6623
270 6338
5326 5328
218 2577
4393 4394
107 1587
14195 14229
1660 1904
104 107
1628 6410
4653 4654
9902 9903
13682 13684
103 105
2639 2641
1093 8027
340 4268
589 592
14199 14224
943 944
1921 1923
11066 11068
11980 14064
11069 11071
450 451
8823 11065
172 689
2731 2855
14186 14196
14193 14230
14208 14229
591 2688
2441 5642
14205 14229
956 4378
4717 4850
615 2500
220 407
1966 14161
10420 11149
4268 6424
300 1350
14206 14226
53 1385
5541 5543
2709 7507
9834 14219
14206 14209
54 6621
1338 1339
14195 14198
2004 12474
1195 1196
9988 14186
5464 5465
14208 14220
395 6270
863 864
925 927
8823 11069
8517 8518
1912 1916
4267 6424
9988 14210
172 901
14205 14209
9988 14195
12772 13935
14186 14214
14185 14226
10108 10110
14211 14220
14192 14225
14200 14212
6673 11066
287 10168
1903 1904
807 2873
1621 3212
14204 14222
230 2437
14192 14218
2198 2199
14203 14218
17 14132
78 172
412 9557
8450 8451
165 166
14199 14207
591 3568
5540 5544
14227 14228
39 3562
14204 14230
14197 14208
478 3692
5974 5975
10299 10301
682 4717
3380 3383
5572 5573
4242 4243
1248 7218
6418 6421
14190 14221
14192 14197
209 3979
4093 4096
14191 14193
54 3842
1362 1363
1411 2831
1005 1006
14197 14200
14202 14208
1838 1840
1660 8806
8464 8465
1326 9107
615 2666
14213 14222
10059 10062
14205 14221
2006 4440
2442 5643
46 300
8564 8565
14211 14215
14193 14204
14197 14224
4237 5859
2639 13274
14191 14216
10168 10170
428 4547
577 578
1196 7763
40 3562
4810 4811
782 1067
1328 2667
5575 5578
14200 14201
153 165
14190 14207
54 3543
10169 10170
11067 11068
14189 14226
1808 14113
14187 14199
8522 8525
14200 14203
14186 14192
1947 1948
2837 2838
2446 8596
37 597
2920 3241
124 8134
1912 1915
4261 6489
172 1264
14222 14225
14197 14209
3380 13970
13947 13952
3597 4888
2197 2199
1946 1947
658 660
868 4520
14195 14219
889 1000
4616 7707
6311 10301
3543 5073
5021 6311
2814 3326
434 517
14192 14194
13921 13960
3595 3597
4653 4656
14201 14210
2939 12807
665 667
14198 14212
2197 3318
2006 7709
14194 14197
591 2943
1176 1177
107 2071
869 8451
5654 6561
6203 6204
1248 8028
8805 8806
14194 14228
2360 7350
13956 13958
2539 2542
36 1746
1009 5499
14216 14226
2171 4307
7457 7458
5479 5480
8520 8522
6596 7075
14188 14217
876 5590
1819 2135
589 1748
14185 14209
14214 14224
1457 12040
172 11574
9917 13954
8134 8135
1098 1135
999 6576
782 3242
14190 14196
11333 11335
14185 14225
9834 14211
11067 11071
4616 7709
14222 14230
543 1155
1599 5563
14223 14225
2797 5761
14253 14255
14209 14217
591 2044
428 11064
9834 14226
1004 1006
5576 5579
6201 6206
251 1425
7791 11361
1079 1081
1120 1123
13950 13952
671 5761
14034 14035
14225 14226
12459 13045
14207 14216
229 2437
590 592
842 4815
2541 2542
4547 11069
1865 7352
412 2675
914 5751
2638 13275
2611 2612
300 729
14193 14196
10059 10061
6419 6421
420 1661
3321 6240
3594 3597
428 887
3255 3257
8321 8322
14202 14222
105 2071
9446 9447
4437 4615
54 5741
13964 13965
592 1961
14192 14212
2318 2320
782 1360
4235 4238
9988 14208
9988 14220
14190 14227
3239 5806
7809 7810
10299 10300
3750 11997
218 3543
842 2002
14187 14188
1575 1577
632 13782
14194 14220
14203 14209
2320 14231
216 8694
371 372
209 1863
14190 14210
474 1337
53 3255
8523 8527
1385 2637
38 11718
550 1572
54 217
1763 5488
9403 14142
6529 6531
2367 3131
422 2712
7708 7709
105 1587
14186 14221
9533 9534
14201 14208
300 2634
14187 14192
14208 14210
14186 14207
2193 2194
914 2026
14190 14209
279 280
13946 13951
2446 7218
4132 8513
9988 14202
578 876
14207 14208
660 1327
4236 4238
14192 14229
872 876
54 1383
14187 14229
5641 5643
14220 14229
7173 8519
5757 12339
5499 5500
666 667
1022 12757
3321 4859
9834 14195
172 3383
14209 14224
172 14103
764 766
5498 13960
14190 14220
9403 14140
887 3321
578 1169
808 5110
2944 2945
3070 8321
13955 13958
4234 4235
5759 5760
14203 14220
1211 2541
578 2713
9834 14204
2676 4533
412 10563
14187 14224
14185 14193
14214 14217
2367 5913
9988 14227
9266 9403
592 2688
88 1808
3601 3602
636 638
14184 14228
14196 14226
14210 14225
172 863
11066 11071
300 2836
172 1519
4481 5741
14199 14204
2836 3375
2637 4307
782 1068
172 2091
9917 13955
10061 10063
14196 14225
931 14432
14186 14213
14193 14200
37 745
1546 1547
6418 6420
14206 14217
615 1963
807 1211
592 9659
2717 14169
14184 14217
1743 1746
592 1876
2442 8688
1093 2814
11069 11070
14190 14202
1168 3384
2637 3750
14189 14212
14198 14219
1914 1915
14186 14210
688 689
1547 1915
5404 5405
300 2135
3071 3073
9988 14209
4234 4236
1903 6648
4086 5208
887 8912
682 9809
607 6723
14192 14226
9988 14196
88 1809
5540 5542
14217 14224
317 590
730 885
14246 14248
6288 11740
11148 11149
1846 1847
807 2844
14218 14221
1081 1867
215 8694
14191 14209
14196 14198
14203 14212
4437 4439
420 1659
14219 14221
5729 5731
287 10167
1339 1340
781 1068
4209 4210
682 6185
2680 7418
8524 8526
2901 5664
14186 14200
4437 4616
1120 1122
46 1350
10167 10170
14196 14230
699 700
455 456
14219 14230
11066 11070
14195 14201
14214 14229
13945 13952
506 874
492 3967
340 6424
2577 6216
14128 14131
14192 14209
2226 2227
14215 14229
103 104
700 703
5132 11439
8493 11360
2010 2011
5576 5577
412 10562
5021 10841
14203 14227
2815 2816
14215 14228
2197 2201
14 1144
14184 14196
172 4394
5465 5466
10059 10060
14204 14225
112 592
53 3256
260 2041
1484 1661
2699 2700
7296 8269
3381 3382
176 177
54 4307
214 759
14208 14226
14224 14229
6275 6277
4653 4659
14205 14228
9834 14194
3382 3383
14187 14204
410 5341
14197 14216
2675 8516
14173 14174
14186 14189
4182 5806
1328 2666
4168 11800
5571 5573
9833 9834
412 8513
42 4607
14208 14219
2441 5643
14 172
3340 4261
7277 9443
452 1519
103 106
370 2399
2041 8947
2917 4677
44 927
14213 14214
14187 14216
578 671
626 9421
40 48
2192 2194
14188 14229
7828 7829
2686 2687
14194 14217
14229 14230
2265 5816
481 3387
3596 3599
682 1045
492 2242
10978 10979
146 5481
1628 2400
428 5150
874 3571
6731 6733
1147 1150
432 433
5021 10300
6673 9173
298 14035
252 300
14191 14200
872 901
901 4392
172 1145
3505 3507
2543 5574
2004 12475
861 862
5150 7880
1020 2803
1098 4436
578 14118
14188 14216
5581 5582
1143 1145
4261 6928
14188 14202
6673 11065
8824 11067
14191 14230
3525 8866
172 671
271 9834
14193 14225
4684 6547
7752 7754
591 4095
4438 4615
4656 4657
14191 14192
9460 14169
14187 14209
428 11067
860 863
14193 14197
14190 14195
217 407
14212 14218
10167 10168
844 1191
5653 6553
172 5913
105 2070
12459 14027
14199 14218
9834 14192
5654 9153
54 2074
592 2044
768 2437
421 2046
14188 14205
874 1291
660 2667
657 13971
3525 6288
124 8135
14184 14193
14219 14228
1577 13895
859 862
592 4093
14185 14206
14189 14205
14199 14212
14188 14199
3189 4068
14186 14230
11065 11068
834 8390
8824 11070
1025 2558
5653 5654
36 38
6338 6339
5640 5641
14193 14216
3568 3569
14188 14222
13966 13967
1949 2114
14184 14199
14222 14226
2091 6240
1248 2446
2006 4615
14211 14226
13682 13683
14189 14195
3750 6338
297 315
5464 5466
873 876
4035 11778
6723 6724
3506 3507
1704 6734
591 13874
782 807
2091 5287
9234 9235
2799 11909
14201 14220
450 506
36 1196
13949 13952
450 452
2540 5126
154 730
6673 11067
14200 14218
868 8452
14197 14219
869 8450
37 2816
14196 14219
14189 14229
412 1262
2111 2112
230 340
6202 6206
660 2668
2091 2820
54 2577
14202 14230
2539 2541
1921 1922
4035 5341
14191 14195
11064 11067
73 2474
14254 14256
4394 13142
9988 14216
1248 8027
1009 5498
591 4096
14216 14230
4236 4237
10975 10979
1359 1360
172 1518
14190 14197
294 4422
373 12051
5668 6221
2454 13921
8521 8525
11333 11334
1904 8805
14197 14225
14205 14230
9988 14188
829 1870
14130 14131
6203 6205
14198 14228
14199 14210
7343 7344
9528 9530
3507 3508
3632 4850
14185 14215
412 2676
1535 4951
1000 1001
6934 9943
11067 11070
14213 14225
4235 4239
9834 14227
407 1362
4547 11068
1077 8073
14193 14203
3601 3603
3254 3258
14253 14256
3146 3326
6083 8466
14188 14230
14197 14201
6731 6732
2442 5642
132 10620
583 592
4293 6410
6311 10300
844 6737
14194 14218
1903 2637
14207 14225
2192 2193
14184 14205
1262 3321
2357 3495
4035 8575
451 1326
40 3561
4261 11440
942 944
14219 14226
450 4394
1196 7960
14225 14227
4481 6621
14200 14202
11799 11800
172 2505
14184 14211
14186 14201
230 2010
495 8805
8824 11068
14205 14214
14190 14228
10977 10978
9917 13957
2409 2410
4126 4128
4441 4615
410 8575
11067 11069
14200 14204
14212 14220
14209 14213
5479 5481
218 1904
8641 8642
14192 14211
660 1328
13949 13951
1147 1149
842 11815
96 5504
14193 14210
3595 3596
1746 13117
1107 1108
8523 8525
5575 5577
132 1019
4131 4132
6918 8472
10059 10063
14223 14230
14196 14223
4263 5132
13965 13966
8566 8567
14201 14207
14208 14211
608 6724
1017 10620
172 3384
14204 14211
1383 1384
382 8123
5499 5501
10714 10715
791 2124
9988 14203
684 1155
3506 3508
506 578
14192 14227
14209 14221
14198 14213
169 1540
1360 2234
14099 14100
10099 10155
14220 14228
874 876
479 729
1001 6576
591 2385
13955 13957
14186 14229
6928 10491
161 162
451 452
14198 14204
14214 14216
804 805
14210 14222
1689 1690
759 2471
14192 14200
214 760
4067 4068
7827 7829
14184 14188
14190 14230
615 2668
4768 4769
38 1743
96 3328
14184 14227
592 4806
1164 1165
1108 5081
72 3483
945 1372
14206 14230
10711 10715
6489 6491
2944 2947
7751 7753
904 905
1912 1913
885 12115
14200 14217
14187 14221
781 783
1 13971
1291 1360
2265 13574
172 864
428 6673
6205 6206
3073 8321
7543 9212
7932 7945
8320 8322
14216 14217
3594 3596
14210 14228
1415 1417
1248 2814
1519 2797
1211 2540
14189 14208
925 926
3780 10142
455 4976
10453 13814
2675 10562
3256 3257
373 12844
1911 3780
14186 14208
14193 14195
8523 8526
14210 14214
1045 1316
10565 10566
408 7332
14201 14225
14209 14227
9988 14226
6918 6964
2814 3146
7475 8390
5484 5485
1248 3326
4625 9027
54 218
585 4605
4653 4655
13975 13976
14184 14220
14186 14193
14206 14221
14188 14219
4055 8485
9403 14141
670 671
2945 2947
2191 2192
179 13215
842 939
2627 9625
1144 1145
3750 9308
14214 14221
14215 14221
14192 14208
14195 14205
14215 14220
768 2438
5589 5590
11361 11362
7531 7532
8525 8526
2676 2731
14189 14220
14189 14227
2836 2838
2675 9558
1149 1150
2171 4105
4768 4770
5576 5578
578 861
583 3670
1045 1315
14199 14227
112 1540
54 4086
8824 11064
2321 14231
14128 14130
428 5974
14184 14197
13945 13951
14209 14228
843 844
1903 8806
1747 11718
114 4289
782 938
10975 10976
2200 2201
14187 14215
14186 14198
2699 2701
14191 14201
14208 14227
40 382
1081 2362
5914 9948
7277 9444
14187 14203
2091 4859
14 1412
5571 5574
5020 6311
555 5498
13919 13920
213 516
14219 14229
14208 14218
730 2835
14225 14228
14205 14227
4093 7753
9834 14205
5759 5761
1416 1417
412 8512
5276 5277
6530 6531
5463 5465
300 1819
450 14118
14185 14197
14200 14229
1009 5501
14199 14205
2547 2550
9917 13956
1659 1661
768 769
3567 3569
5404 5406
14195 14218
9266 14139
831 2242
891 1758
292 295
592 13944
14200 14210
14204 14224
251 382
14210 14215
2009 4068
3071 3074
607 609
48 90
14185 14224
591 592
14189 14211
2199 3319
5539 5540
452 1145
14205 14220
165 168
1546 1548
96 5503
2006 4441
172 578
48 6374
172 670
607 6724
1547 1914
6673 11064
1846 1848
578 901
14185 14205
14226 14230
3057 5913
3663 9107
1093 2446
683 6489
8524 8527
3328 5502
14247 14248
1143 1144
218 2074
8575 11778
422 2713
10491 10492
14200 14209
5729 5732
14195 14202
2541 5126
2334 3736
2680 7417
14218 14222
9988 14197
40 252
3340 6489
8520 8527
48 6846
14211 14225
7296 8268
14184 14189
2006 7708
14195 14220
172 2638
1150 4166
730 14079
14196 14209
291 293
14212 14227
9849 9850
4533 8512
252 5654
14184 14192
1194 1195
1020 6288
3131 4393
14188 14203
9834 14228
14209 14214
5791 5919
1000 6576
9234 9236
14189 14196
14194 14227
573 3353
5653 6552
3057 4951
4196 4198
5021 10301
583 591
9108 9536
14186 14188
890 891
626 816
14194 14201
4197 4198
3596 3600
14199 14213
1746 11718
2700 2701
14186 14219
2665 2666
592 4092
14201 14219
14207 14211
578 670
3057 3321
2712 2713
291 4422
4237 5858
2440 2441
53 1711
10049 10051
2006 4616
7335 7338
14193 14217
782 11702
14211 14216
842 11814
3597 3599
14202 14225
1952 1965
874 4394
218 7102
608 2815
683 9721
178 4011
872 874
1704 6733
7791 11360
9834 14210
2667 2668
4969 9403
132 2982
6082 8467
178 13215
14187 14230
14188 14221
887 3340
230 2011
8565 8566
397 9944
14203 14208
2686 2688
3206 5438
889 999
420 1045
1291 5341
555 13960
926 927
2709 5654
39 40
1168 3383
660 661
6934 9944
2446 8027
1545 14079
4261 5132
3971 3972
14184 14216
626 1317
999 2213
11064 11071
7752 7753
7417 7418
3505 3508
592 615
3597 3600
5323 5328
14226 14228
1953 1965
428 11066
6285 6286
1710 5150
798 1873
1628 4293
4095 9659
40 300
14203 14213
782 1069
87 791
14193 14224
3596 3598
14184 14206
1093 8028
14198 14229
1843 7763
2446 10168
860 864
14224 14230
159 1108
14212 14216
172 5215
271 9833
4656 4658
14213 14215
3525 8867
1339 1341
578 1415
781 1069
11068 11070
14185 14216
14202 14213
1150 3387
9834 14218
14212 14217
14185 14200
807 1360
