2795 2796
2465 2467
2049 2050
506 507
1001 2213
12236 12239
10208 10215
671 2577
3014 5966
7023 7024
8799 8800
532 534
1669 1999
48 382
9651 10766
173 489
479 5311
421 479
5259 5261
207 7011
3380 3385
6646 6647
5617 7578
7828 9052
1034 10107
636 1669
718 5914
267 1050
10157 10158
718 8574
10211 10216
1054 1057
806 1410
5191 5192
3510 7805
80 208
4703 4704
12220 12222
4568 7179
2283 8645
1007 1008
9823 9824
698 7087
3443 3445
1805 6273
693 13404
432 12239
4158 4322
7826 7828
1439 9505
382 5654
157 10702
3846 9671
5307 5316
8167 8168
252 1425
3465 3466
10212 10216
6137 6139
2575 2577
578 874
2632 10820
13190 13872
592 1848
4158 8791
1414 4125
718 4157
286 5982
226 1203
6486 8342
3509 9213
2632 10818
11814 11815
2632 9444
10773 11608
8665 8666
2616 2617
5825 5826
2487 2488
9339 9340
764 2558
1617 7277
2635 2636
210 2098
12212 13806
2050 2051
10027 10028
938 2625
205 946
4815 11815
7768 7769
1939 2804
530 534
696 1684
90 7695
434 3446
569 570
2067 2632
733 5374
8605 8666
6772 9505
3510 6239
1618 9444
592 13874
485 3743
197 200
12556 12557
7753 7754
807 9677
7315 12212
1190 11823
479 5308
385 9018
313 12244
6268 8173
1639 1641
7497 7498
6057 6058
1616 7276
4915 7935
2046 5313
252 2709
2405 2406
479 12459
4160 4162
3285 3604
13848 13851
2056 6895
312 4379
1374 1375
572 4322
270 3750
9650 10766
8572 8573
6066 8479
622 9948
4429 4432
6125 6126
199 5808
12376 12381
199 5876
3188 4957
5092 6589
5405 8647
982 8421
592 4095
2574 2576
210 4109
12271 12272
6773 8605
3114 11608
890 1444
4373 8296
6589 6590
6359 6858
12230 12231
7276 10663
4585 11427
198 4216
591 1968
3444 3446
774 1375
3443 3446
196 198
83 7011
729 1318
4766 5915
546 548
13809 13810
588 10359
3383 3384
397 7936
1439 6772
2055 6895
1987 1988
590 593
1881 11605
12212 13802
9417 9418
975 2632
4019 11920
2085 8573
83 9179
263 9418
480 3743
716 9287
4429 6411
671 902
1962 1963
466 4626
9213 9214
3846 7176
1876 1963
543 4350
9444 9446
1250 2464
718 8792
2632 7277
10107 11605
5259 5260
765 12256
1997 1999
1034 2502
636 1252
591 593
24 270
8421 12497
317 592
10661 10662
2098 2099
83 1882
219 6268
172 3385
8020 11428
10208 10210
4162 4164
2046 5314
5304 5310
13754 13755
544 547
4093 4094
635 636
2829 5914
411 10154
484 9050
3371 11793
1211 6642
7949 8296
622 623
4922 4923
2427 8139
636 10374
1618 10818
9769 9772
13847 13851
10206 10214
2055 6896
591 5825
721 7087
11822 11823
1077 1093
973 3387
9650 9651
83 1034
410 1497
1055 1056
313 13857
5393 7769
159 7204
5309 5313
3558 7800
2072 2074
4402 4403
4003 4004
3927 8368
615 1962
12141 12142
4915 7915
589 591
1814 1833
1810 1812
83 11607
6 397
269 1949
791 794
2808 13842
3169 3466
635 638
12232 12235
8820 8821
8462 8463
13834 13835
298 9559
8666 8667
199 4382
412 9016
12555 13535
12268 12893
5393 9501
10206 10211
2085 2086
2283 8462
13650 13651
5304 5308
6375 6386
9444 10818
159 13283
591 11745
6771 9505
13848 13849
251 252
5081 5082
6 4915
1186 3323
4093 5826
3188 9205
467 12288
166 1617
10818 10819
7022 7024
13831 13833
1997 1998
7020 7021
241 1750
3311 8314
7320 13847
5305 5306
8484 8975
7021 7022
3946 4483
210 4018
159 5082
1157 5468
592 9114
9016 9018
1436 6771
3141 9340
506 1414
975 8854
8571 8574
1722 1724
975 1617
397 3278
10208 10209
1618 7276
1213 3738
8570 8572
7764 11113
12239 12240
10207 10215
5683 9770
1624 1983
716 5072
6411 6515
207 5654
9696 9699
4702 4704
404 4034
5405 8044
10772 10775
636 1997
591 1848
453 454
13703 13704
2806 7738
12238 12240
7276 10662
159 212
765 1763
591 4093
5306 5309
3381 3384
1168 3382
5379 5382
637 638
81 269
80 4364
2772 3848
5312 5316
842 2042
636 2000
1782 2406
6771 6772
543 3605
467 2048
4568 7891
591 1876
394 6897
11416 11417
5313 5314
5311 5316
9650 10767
10208 10211
8044 8647
7931 7936
3652 3653
9416 9418
3510 4428
7960 13117
5393 5394
210 13823
5190 5191
48 1425
975 9446
13860 13861
4378 9610
636 1998
515 4930
7020 11341
12238 12239
533 535
10211 10213
1696 3827
480 691
1814 2538
7020 7511
199 4216
279 405
3188 7081
2097 4109
13871 13872
3380 3381
5307 5311
5791 10375
2945 2946
479 480
592 593
7764 11112
7673 9823
592 7785
6 344
2806 4680
2046 5309
7312 11864
13852 13854
7737 7738
4915 7936
5314 5316
4093 6525
4626 12264
1618 2067
2046 5310
2635 13767
7751 7754
7276 9444
4431 4432
1128 2027
269 1150
382 7507
11112 11113
4378 9611
798 799
10818 10820
269 4345
54 1617
4218 9511
544 11864
209 11768
6066 8480
1439 7159
590 591
411 10153
13859 13860
12242 12243
798 1874
123 9138
411 8810
4680 10892
4034 4036
205 5871
2772 9671
382 3615
13818 13819
12251 12253
3510 6625
7320 13851
4373 7949
6 975
10210 10212
10360 10361
7315 13806
10212 10213
3510 4004
6 1616
6781 9298
2225 3285
1750 1984
1923 13867
12140 12142
8808 8810
10210 10216
5268 7416
1270 2829
2423 4007
684 9814
71 315
1195 1746
479 5314
10153 10154
8715 8716
5304 5315
4990 4991
4810 6782
1000 2213
862 1055
12575 13881
2048 2052
1953 3652
10208 10216
840 13095
11604 11605
2806 12136
12459 13302
123 13841
80 557
8429 10156
577 3250
2062 9678
241 1624
13853 13854
1270 5804
5404 8647
12237 12238
6614 6616
754 1044
13411 13873
6895 6897
3443 3444
1186 3188
636 4568
5310 5315
1617 3311
12412 12515
591 1962
12270 12271
4430 4431
7276 10818
4428 7796
591 1961
1034 11605
4705 4706
3046 3047
13854 13858
6312 6313
12209 12210
82 83
1491 7311
9017 9018
1045 12903
4093 6786
7010 7011
2315 13271
8043 10702
432 12238
4161 4162
530 535
4680 11382
3510 7796
7454 7455
4431 6515
2829 4322
7022 7023
2197 7596
492 8464
210 211
1967 4218
12612 12613
1669 2000
5654 7507
317 12241
5106 5108
955 956
2574 2575
4093 4095
10792 10793
344 397
157 8043
5394 9499
196 199
10209 10214
2046 5305
2199 7423
938 9678
5306 5315
4157 4159
1211 7757
481 1948
507 938
5306 5312
3383 3385
975 2099
2074 6138
9677 9678
1986 1988
1669 1996
10213 10215
718 5108
9651 10767
5305 5311
592 1963
5092 6590
7935 7936
591 5826
96 881
3848 7891
5394 7769
4002 4005
83 207
231 1581
11416 11420
2635 9049
1007 1009
10209 10216
83 8155
2079 2490
2283 5404
1763 1764
532 533
1751 6615
1034 3114
902 2575
5393 9499
1572 8975
123 12254
137 138
5308 5313
2082 5221
11604 11607
1328 1581
13270 13271
382 2709
270 9308
12223 12224
6773 8667
37 1425
881 1045
2048 2051
2047 2050
13807 13808
4093 7754
153 2396
8664 8665
696 697
5393 7768
3350 8697
506 1291
671 2574
2225 4350
1328 1573
694 696
13459 13460
2577 11866
54 166
12229 12231
3509 6625
12316 12318
799 3878
799 1873
412 9697
3053 5548
718 8570
54 975
4810 9298
6563 6564
3114 7782
5304 5314
146 12249
718 2829
505 807
10209 10210
231 1328
269 2223
807 9678
5393 5395
8645 8646
5304 5312
90 2202
3285 3605
479 691
1881 10773
9050 9051
1616 10661
207 209
397 5867
11865 11866
10156 10157
10212 10215
5312 5314
344 7935
8155 8156
1873 1874
2046 5312
774 1374
1827 9835
10773 11607
2867 3182
982 2048
2120 2577
48 252
3444 3445
13852 13858
13707 13708
13668 13669
5683 9771
4095 7226
2876 2877
842 6327
6564 8562
4585 11428
90 978
7276 8946
10661 10663
4251 4577
3114 11607
123 552
1961 1963
2574 2577
90 676
481 1150
13700 13754
159 12612
83 1881
198 199
96 1316
938 1707
9822 9823
5311 5313
2904 7346
592 4094
5320 5321
410 10765
5311 5312
1425 3615
3350 8699
2555 2556
3510 3927
4680 9501
543 3285
7785 9114
505 938
13802 13803
2225 3605
4766 4767
829 1080
5310 5312
3044 4681
2636 13767
252 7010
985 5194
432 12240
450 874
2864 2865
5268 9308
4003 4005
3928 3929
10893 11382
90 6386
599 3188
5795 5796
4163 4164
9835 9836
8665 8667
172 1055
984 985
2731 7243
397 7935
2567 11866
1107 1818
591 1963
210 2099
410 1567
599 1186
7021 7023
4626 11403
3632 3633
210 2097
592 11745
1270 2230
1810 1811
210 4019
421 729
1436 6772
479 5306
2099 13892
6327 6328
1669 1997
39 10640
6894 6895
9963 9964
4094 6786
671 2578
152 351
13190 13871
5191 5193
269 7011
2999 3000
807 938
13847 13850
1826 2579
252 3615
13849 13851
8573 8574
6564 8561
1168 3385
13859 13862
1978 5417
7826 7829
44 4930
9499 9500
133 1190
800 801
1805 6274
1999 2000
2575 2576
3445 3446
479 5310
241 11864
455 2907
2917 9244
1618 10820
7176 9671
1617 7276
279 12953
5791 10374
5309 5310
11744 11745
10208 10212
6781 6782
467 572
10374 10375
1378 3999
3510 8368
697 1684
766 2558
2046 5308
2097 2099
12247 12248
20 4683
12214 12216
2225 3606
344 4915
6782 9298
270 7416
83 11608
411 8809
426 4125
3278 7936
10819 10820
7320 13850
479 5307
172 1168
505 577
4680 5395
481 1947
172 3381
7508 7509
2099 7592
131 5260
412 9696
10206 10212
252 269
2707 2708
5305 5316
2357 3296
480 9051
4250 4576
166 269
716 4107
3478 3480
10207 10216
3169 3465
3057 7059
7276 10819
2427 8140
13831 13832
4094 4096
12892 12893
13823 13824
694 4951
545 546
11606 11607
4162 4163
684 9815
8819 8820
8275 8276
3358 4485
10359 10360
8854 8855
3702 12259
5306 5316
8429 10158
765 12255
464 12471
900 9586
394 507
8570 8571
11604 11608
3478 3479
83 4402
172 862
975 1616
1128 6125
1996 1999
6307 6308
1881 11606
729 804
12220 12221
159 12682
7020 7024
1168 3380
1947 1949
166 1616
263 9417
2085 8572
1876 1962
8698 8699
4810 6781
1833 2538
1498 1500
24 9308
2632 7276
8646 8647
721 10006
479 5313
2465 2468
4095 4096
1108 4683
14369 14370
3848 7176
695 4951
6884 6885
3100 3101
81 5004
4093 7751
479 1606
1495 1496
718 7521
159 6113
11181 11182
4096 6786
83 10773
313 8935
6375 7695
1881 10107
2223 7009
394 505
505 506
874 3348
635 637
2467 6582
13700 13755
1948 1949
450 1291
10943 10944
446 12412
544 546
266 1050
4685 5381
2772 7176
6157 7606
8381 8382
545 548
12210 12211
1984 1985
4815 11814
543 5270
10211 10214
4322 5804
108 4930
2120 11865
862 1056
5616 7578
2467 2468
4035 13884
1173 2027
410 1496
1055 1057
1157 12192
9295 12098
1436 7159
721 10007
2169 3461
718 1270
2074 6137
1721 1722
269 481
20 1108
4483 4485
2556 10028
456 5191
636 7176
2595 3738
2098 13822
507 2063
12225 12226
4287 4288
6869 6870
3509 9214
10206 10215
466 1520
4158 8792
578 3571
7510 7511
12233 12234
5309 5314
2073 2074
3926 3927
446 12515
13822 13823
5314 5315
1996 3848
7458 8800
12249 12250
150 13402
1707 2062
1150 1949
2283 8381
13814 13815
410 9651
10206 10209
592 1962
2577 2578
975 7520
9813 9815
2946 2947
269 5004
902 2576
456 5190
3604 3605
12234 12235
166 8314
12893 13818
315 3999
454 6728
5304 5307
6773 8664
394 6894
11416 11419
1750 7312
505 9678
544 545
1128 6126
12224 12226
8857 8858
1318 5004
730 745
2283 5405
1491 7310
2283 8646
2223 8296
1599 7243
10206 10213
2944 2946
9964 9965
4429 6515
8341 8342
11203 11204
9446 10819
778 3739
2625 9678
1638 7093
151 2396
754 1045
252 382
3783 3784
382 7011
24 3750
5547 5548
2405 2635
2056 6894
1918 1919
5380 5382
1996 2000
975 8857
1108 5971
62 8150
1414 7204
83 252
615 1876
3510 4003
73 829
698 10006
1044 1045
207 252
4681 5393
12376 12580
10213 10214
1986 1987
5312 5315
96 1045
1008 1222
2829 5804
766 2340
3380 3382
2979 2980
588 10361
8666 10718
172 3382
8697 8699
6978 8140
4034 4035
3381 3383
12190 12191
1315 13390
6642 7757
4685 5379
1128 1173
279 404
159 5081
112 589
37 382
1616 10662
7458 8799
13 2907
1098 1344
5404 8646
422 506
2062 2625
5393 9500
975 13302
10207 10210
412 9018
696 4951
2754 3750
479 2099
479 975
5190 5192
543 3604
1269 13827
14432 14433
533 534
1782 2405
2315 13269
8337 8421
323 455
1168 3381
266 267
7673 9824
467 1382
799 3877
5306 5313
446 6781
10765 10766
317 591
975 12459
207 2223
5307 5312
152 153
7827 7828
718 2311
5106 5109
2283 2487
344 3278
1374 12979
8856 8858
455 557
636 1996
505 2625
83 2223
210 13822
2632 10819
1881 3114
1723 1724
410 9650
12556 13535
6234 9556
3743 9051
975 8853
83 8156
2223 7010
4712 4714
1942 2464
7751 7752
4585 4586
6 166
10791 10792
12575 12576
54 1618
7672 7673
7454 7456
718 5109
4047 4048
83 11604
2074 6139
5305 5310
1616 8314
96 1044
166 10661
2046 5304
3783 6506
6772 7159
6505 6506
1751 6614
1617 8314
3783 6505
2763 9949
5308 5312
1881 1882
5616 5617
1034 11608
7737 12136
44 515
868 5795
2490 11407
694 1684
589 592
591 6525
4018 4019
411 9361
12223 12225
4158 4159
636 3846
4099 11425
718 8573
83 10107
10209 10215
108 8354
54 1616
1026 1027
1093 8651
3569 6062
83 9180
153 351
13878 13879
344 7915
5304 5313
2048 2049
12229 12230
1617 10662
2709 7507
1270 4322
11427 11428
24 7498
6156 7606
207 382
382 1425
2804 2805
1195 1196
547 548
8819 8821
96 13390
112 3084
7276 10661
90 6374
948 6310
394 2056
5394 9500
1996 7891
9499 9501
485 9051
11564 12252
453 6728
4094 4095
8150 12315
7009 7010
10210 10213
2788 13819
428 7782
1953 3653
13 557
1034 11604
9361 9362
48 260
5504 13866
286 698
12245 12246
434 3444
2579 4052
48 3615
13852 13855
112 593
718 975
8807 8810
5315 5316
9769 9770
56 57
8479 8480
2121 13869
6771 7159
5310 5316
13847 13848
2283 8463
4680 10893
6138 6139
2636 9049
13804 13805
3384 3385
432 12237
2051 2052
13832 13833
4218 9510
4004 4005
2067 7277
1195 13117
1491 8814
3188 13837
1983 1985
591 4094
891 1444
1128 7914
1414 3129
323 2907
3380 3383
808 13846
1961 1962
3510 9213
1213 2750
4093 4096
197 199
7020 7025
4685 5382
3052 3053
1827 9836
479 1319
1108 1414
13863 13864
2805 2806
12236 12240
1876 1961
1617 1618
3510 3929
9651 10765
96 978
1918 8743
172 1054
270 2754
8664 8667
3510 3926
153 8232
9416 9417
252 7011
575 576
382 7009
7949 12903
73 1129
480 9050
2567 11865
1978 5416
4680 5394
8570 8573
241 7312
4680 7768
207 11768
24 25
807 2062
5616 7579
4379 4844
480 729
6265 6266
7087 10007
1669 1998
4286 4288
7276 7277
4034 13884
799 1875
207 269
7800 7801
166 7276
5308 5311
2555 10028
2085 8571
5416 5417
7509 7510
842 3062
545 547
1947 1948
1945 8561
842 11842
901 1407
3750 7416
9510 9511
862 1057
480 1319
10207 10208
9560 9561
913 3084
412 9699
6 54
1939 2806
10206 10216
11591 11793
4006 4007
169 5489
507 2062
7311 7781
1007 1222
2197 2199
874 1407
404 12953
4426 4727
1045 3632
636 3848
10892 10893
410 1495
3646 12191
204 206
694 695
90 12715
636 7179
3576 9836
978 2202
8421 8422
7311 8814
2098 13824
8571 8572
924 1007
133 11823
123 13889
10156 10158
4431 6411
10773 11606
2311 12272
313 4379
5504 13867
464 1922
5047 13700
3558 7801
1537 3788
1953 3654
10207 10211
12214 12215
10214 10215
13853 13855
7009 7011
13 323
6773 8665
212 6113
166 1618
544 548
4814 4815
4430 4432
7457 7458
131 5259
1322 2917
1945 6564
1108 3129
11607 11608
11605 11607
1923 5504
3604 3606
840 13094
11180 11181
1150 8819
6156 6157
5394 10703
9698 9699
411 9362
718 8572
12576 13881
691 1319
48 251
3848 9671
567 568
8645 8647
765 12257
3228 10639
10207 10213
3358 4484
975 1805
71 3999
453 6638
8429 10157
323 557
1824 2579
842 6328
2047 2049
8139 8140
6563 8562
12221 12222
4093 7752
8275 8277
159 4125
798 1875
2772 3846
1848 11745
251 1425
5307 5308
4706 4707
9446 10820
8856 8857
479 13302
13827 13828
159 12613
10662 10663
985 8464
590 592
1203 4089
2498 10943
902 2578
842 4815
464 13811
395 3250
13822 13825
1684 4951
1196 13117
2049 2052
5380 5381
10773 11604
900 1108
10208 10213
2283 8647
3646 12190
479 1034
8044 8645
13836 13837
1008 1009
975 10818
592 1961
479 5305
2334 2904
12317 12318
456 5192
949 6567
10453 13815
1007 1223
4483 4484
808 2731
231 467
2072 2073
11591 13891
975 6274
4160 4161
166 3311
718 4159
975 1618
9814 9815
6 7936
4107 9287
159 506
1618 8946
10765 10767
4680 9500
5394 5395
9697 9699
4002 4003
9297 12098
3114 10107
3044 4680
4047 4049
5309 5311
975 10820
11418 11419
6238 6239
7578 7579
317 13874
2311 6589
4680 5393
2708 5644
978 1045
4350 5270
4161 4164
6 1618
13094 13095
37 48
2056 6897
1498 1499
2577 11865
385 9016
279 280
312 313
5308 5315
1624 1750
5312 5313
6052 10131
6773 10718
2097 2098
4094 6525
5308 5316
4160 4164
505 9677
5379 5380
9813 9814
198 200
8155 8157
5304 5311
10209 10211
9308 9310
831 3515
3382 3384
12255 12256
7520 7521
4681 5395
5313 5315
146 4116
6332 7644
10206 10207
13850 13851
172 3383
1616 1618
13849 13850
2046 5316
718 5106
481 8821
1213 3788
764 766
11417 11418
344 7931
2944 2945
1817 3356
6137 6138
12212 12213
3926 3928
4286 4287
13824 13825
9444 10820
7455 7456
13875 13876
484 3743
4093 7226
807 2625
2074 2076
4048 4049
2225 3604
5310 5313
13829 13830
975 10663
3114 11606
592 11744
505 3250
1987 13809
5134 5135
5194 11741
422 3250
1150 8821
636 638
1436 1439
671 2575
2311 6590
159 1414
2576 2577
3114 11605
622 5914
721 11336
5133 5135
10006 10007
10772 10773
1750 10677
8665 10718
159 5867
11564 12253
4767 5915
263 9416
157 2613
931 14432
37 745
718 7520
10773 10775
2072 2076
24 7416
1750 1751
82 1882
4682 11391
112 591
2433 12259
3278 7935
615 1963
3044 5395
2067 7276
592 9659
2223 7011
1213 1537
1996 1998
592 1876
173 490
1250 1942
10131 14381
485 9050
1168 3384
5108 5109
3510 4005
530 531
5305 5309
7022 7025
1721 1724
5404 5405
382 2707
1584 3100
13847 13849
2004 12266
2632 9446
868 5796
12223 12226
12223 13885
24 7497
698 5982
718 6740
241 3420
3278 7915
8809 8810
8605 8665
317 590
3141 9339
10774 10775
1881 11607
2230 7521
9770 9772
2788 12893
8156 8157
10791 10793
4160 5134
4702 4703
410 10767
2787 2788
6052 14381
3846 3848
4042 4043
774 12979
4329 4330
385 412
2576 2578
3205 3206
3358 3946
3188 13836
1750 1985
718 2085
1770 1771
5304 5306
394 506
1624 1984
684 2437
83 11605
506 874
4681 7769
12233 12235
9361 9363
7021 7024
2120 11866
269 479
589 593
829 12321
1996 4568
13882 13883
902 2577
4250 4577
2047 2052
9362 9363
4428 4727
2025 4354
2502 11837
10107 11608
166 10662
8231 8232
8807 8808
6896 6897
3278 4915
12224 12225
4681 4682
9697 9698
636 1999
19 13283
151 8232
5956 5957
975 8856
5307 5313
1824 1826
4328 4329
7276 9446
112 592
13700 13704
207 7009
591 11744
1811 1812
1251 1252
159 397
8097 13888
3381 3382
3062 11842
10214 10217
484 9051
269 382
11606 11608
3743 9050
874 901
1599 2731
1499 1500
3382 3383
3926 8368
731 732
1922 12471
4705 4707
5306 5310
7242 7243
9295 9297
2707 5644
12893 13819
123 12219
2046 5307
2309 4118
479 2046
1763 12257
2047 2048
5192 5193
5404 8645
4679 4682
1319 1606
1617 2067
269 4689
5107 5109
6156 7607
10206 10208
479 4689
1008 1223
5306 5307
5305 5313
151 152
2731 7242
3927 3929
5311 5314
7828 7829
252 7507
627 7165
2099 13893
3581 9244
37 252
2270 2616
1034 10773
4251 4576
434 3445
2098 13823
2804 2806
3371 11591
90 6375
2133 2134
71 1378
4680 7738
10656 11582
874 3571
434 3443
12237 12239
8572 8574
4915 7931
975 9444
12236 12237
6615 6616
4814 4816
73 1080
199 8388
7509 7511
484 485
829 1129
3877 3878
279 2043
938 9677
2311 5092
4429 4430
2283 2488
8561 8562
205 206
11418 11420
4681 5394
718 2230
5305 5315
7752 7754
592 6525
591 4095
10207 10209
252 2223
480 1034
1616 3311
9500 9501
975 8314
4035 4036
88 1045
931 14433
8337 8422
975 2230
5405 8645
9696 9697
411 8808
7508 11342
422 507
5190 5193
394 6895
2283 8044
404 405
13859 13861
9444 10819
83 8157
83 269
985 11741
4815 4816
211 4018
4160 5135
159 4744
157 8446
12245 13845
6359 6360
3509 3510
924 1222
2466 2467
1045 13390
352 353
874 1291
636 2770
698 10007
1150 1948
6978 8139
6374 6375
9822 9824
7310 7311
4680 4682
505 2063
3510 4002
5309 5315
9963 9965
2085 8574
592 4093
3630 3631
11605 11606
219 8173
480 485
12252 12253
4680 9499
5394 9501
10639 10640
2917 3581
2754 7416
5955 5956
715 973
1263 3250
11416 11418
1648 6403
7310 7781
1848 11744
3380 3384
2567 2577
4160 4163
506 3571
10107 10773
479 5316
422 577
3188 9182
9446 10818
10210 10214
3188 4480
1034 1319
8853 8855
2555 10027
12380 12381
2050 2052
382 7010
208 209
172 1057
1617 10661
209 231
506 12612
636 1251
13866 13867
2357 2359
7081 9182
269 12317
591 13874
2073 2076
2625 9677
20 5971
1196 1746
2283 8382
269 7009
12557 13535
450 506
2223 7949
5313 5316
2574 2578
7020 7509
1537 2595
1967 9510
207 7010
3576 9835
1034 11837
1771 13868
7781 8983
5306 5314
48 4629
4682 11390
211 4019
530 533
3053 5547
975 6273
9770 9771
1751 6616
3946 4485
13830 13841
10206 10210
1810 1813
7310 8814
37 3615
1098 10271
1881 11604
924 1008
269 1309
591 4096
447 831
10207 10214
8276 8277
312 4844
7020 7022
8667 10718
412 13283
6386 7695
975 8855
572 4158
122 123
1826 4052
19 412
4093 5825
718 5107
1770 13868
411 9363
718 8791
10107 11606
9049 13767
8697 8698
2311 12271
1000 1001
4680 12136
12215 12216
695 696
4707 4708
10772 10774
902 2574
1098 6308
123 2653
1722 1723
2055 6894
479 5309
4093 9659
270 5268
6126 7914
5133 5134
5260 5261
5021 6535
6374 6386
3928 8368
13863 13865
263 767
1997 2000
6234 9555
583 592
197 198
6310 8100
2049 2051
7087 10006
532 535
363 8859
1617 10663
7416 9308
4712 4713
269 729
10211 10215
2082 8648
2055 6897
4096 6525
5310 5314
82 1881
4584 4586
13269 13271
2048 8421
3510 3928
241 467
6273 6274
11581 11582
251 297
2465 2466
146 12250
2099 12459
88 1044
1196 7960
924 1223
3750 5268
199 5812
412 9017
842 11841
2085 8570
978 7949
1618 7277
732 733
5381 5382
456 5193
159 745
4680 7769
982 13894
1939 2805
3510 6238
154 13134
615 1961
799 1874
133 11822
4328 4330
11419 11420
7058 7059
1751 1985
88 754
9610 9611
1696 7786
506 12682
10808 10809
975 2067
842 11815
480 1606
209 1075
204 205
5379 5381
19 159
764 2340
6563 8561
9771 9772
1987 13810
1746 13117
5308 5314
695 697
5304 5316
2340 2558
5305 5307
210 4311
96 1315
1616 10663
5304 5309
1812 1813
397 4915
957 982
172 3384
1639 1640
13854 13855
269 1948
10773 11605
1616 1617
5130 7458
1195 7960
636 5791
7276 10820
1983 1984
808 6139
2709 5644
5309 5312
975 7276
1998 1999
10209 10212
159 422
9179 9180
506 578
385 9017
4107 5072
199 200
199 6567
83 3114
3382 3385
3114 11604
6360 6858
83 7010
6 3278
729 5004
479 729
2223 4373
4576 4577
900 1712
1213 2751
3479 3480
159 412
1491 7781
208 3336
9309 9310
2334 7346
4585 8020
9650 10765
7508 7510
7320 13848
13848 13850
1814 12376
12555 12556
1190 11822
108 515
207 2709
4429 4431
2230 2829
9555 9556
636 637
8664 8666
241 544
2055 2056
7827 7829
3926 3929
8808 8809
12209 12211
6895 6896
2099 2566
718 5804
3946 4484
9696 9698
975 10662
13892 13893
546 547
592 4096
7023 7025
11180 11182
2944 2947
7751 7753
3848 4568
12892 13203
11417 11419
481 8820
196 197
481 8819
6773 8666
11841 11842
5307 5310
3381 3385
5405 8646
3278 7931
7738 12136
39 10639
37 730
1495 1497
5306 5308
7826 7827
479 5312
153 8231
422 505
3652 3654
8859 8860
8044 8646
1414 12682
733 949
591 1967
96 12903
13822 13824
8605 10718
5617 7579
5307 5315
6894 6897
421 480
1967 1968
10453 13814
1824 4052
6139 13846
6 1617
479 804
12237 12240
1108 1712
412 4345
112 913
7024 7025
1034 11607
269 412
2315 13270
1108 9586
8791 8792
975 8858
2046 5315
251 3615
636 10375
636 7891
1045 1316
975 10819
13269 13270
196 200
5308 5310
1618 2632
73 12321
978 12903
718 4158
39 3228
2225 5270
6486 8341
404 2043
1763 1765
9308 9309
226 4089
6 7935
4426 4428
4706 4708
11564 12251
317 2438
4681 8833
210 13824
11709 11710
636 2772
8605 8667
2120 2567
2945 2947
2062 2063
2536 2538
166 10663
5047 13703
2498 10944
718 4322
543 2225
479 5304
3750 9308
13861 13862
24 5268
7020 7023
7021 7025
83 4403
2046 5306
1407 3348
7531 7532
2047 2051
4484 4485
975 10661
480 804
2230 7520
5047 13704
1322 5422
5310 5311
492 985
1098 6307
1712 9586
1045 1315
96 7949
2628 2629
9016 9017
83 11606
1618 9446
5306 5311
698 721
10107 11607
4584 4585
1034 11606
691 1034
11605 11608
10359 10361
479 5315
10210 10211
4431 8097
8571 8573
467 982
588 5271
12232 12234
729 5971
10214 10216
4705 4708
80 3336
4681 7768
671 2576
313 4844
3927 3928
6614 6615
1537 3738
731 733
6307 10271
2230 6740
5914 9948
3653 3654
1811 1813
3358 4483
8853 8854
11604 11606
506 12613
2707 2709
12555 12557
1696 2827
1375 12979
1640 1641
4093 7753
4099 11939
10773 10774
412 9698
1922 13811
1945 6563
3350 8698
6157 7607
588 10360
938 2062
112 590
80 515
6125 7914
3044 5394
2556 10027
382 2708
2762 2763
4685 5380
10766 10767
3044 5393
428 3114
2423 4006
3510 9214
382 2223
12232 12233
37 251
2357 2358
1572 8484
5311 5315
251 382
5812 5876
9769 9771
544 7312
2048 2050
1721 1723
1996 1997
123 13830
591 592
3530 3531
6374 7695
8807 8809
3114 10773
12376 12380
572 718
975 7277
3558 6781
636 9671
1222 1223
10209 10213
394 6896
426 1414
5308 5309
1746 7960
7606 7607
975 7521
5305 5308
1150 8820
13417 13479
3057 7058
4160 5133
363 8860
481 1949
207 7507
557 2907
4679 4680
8020 11427
1315 1316
5683 9772
530 532
4157 4158
684 9813
2708 2709
534 535
8189 10719
1624 1985
12270 12272
446 3558
1827 3576
2099 13302
12316 12317
410 10766
7320 13849
4702 8905
13852 13853
1881 11608
447 3515
1034 1881
12251 12252
10213 10216
4679 4681
539 1992
252 5654
199 949
901 3348
4680 10703
589 590
412 422
10210 10215
172 1056
7508 7511
5304 5305
1618 10819
2056 6896
10211 10212
583 591
2197 7423
890 891
10215 10216
591 615
862 1054
13860 13862
591 4218
1817 3755
2466 2468
3929 8368
4683 5971
252 7009
4930 8354
1782 10453
7020 7510
480 484
505 2062
1054 1055
2046 5311
151 8231
4250 4251
1923 13866
4002 4004
96 754
13700 13703
269 12318
799 13739
729 1309
1439 6771
949 5808
62 12315
344 7936
842 11814
2750 2751
5394 7768
505 507
1764 1765
2427 6978
5309 5316
269 12316
5107 5108
4713 4714
5307 5309
718 8571
172 3380
7020 7508
1763 12258
4680 4681
1968 4218
1998 2000
1750 1983
5955 5957
12471 13811
2610 6870
10212 10214
432 12236
1054 1056
5808 6567
1056 1057
83 7009
4680 7737
8570 8574
25 2821
1617 2632
3062 11841
10656 11581
2806 7737
12140 12141
3605 3606
2270 2617
2709 5654
7020 11342
949 5374
842 13886
5305 5312
7781 8814
10107 11604
1168 3383
2062 9677
151 153
2358 2359
12236 12238
1045 7949
394 2055
5072 9287
24 2821
3285 3606
5683 9769
83 382
7752 7753
543 3606
2610 6869
44 108
5307 5314
10208 10214
6308 10271
260 4629
592 615
11341 11342
210 13825
159 426
1967 9511
7946 8045
489 490
1945 8562
88 96
1045 3633
10207 10212
1213 2595
207 1075
1137 8397
798 1873
2391 2392
1077 8651
4095 9659
269 7010
2575 2578
6894 6896
2311 12270
11417 11420
7829 9052
169 5682
975 3311
159 1108
11390 11391
7673 9822
166 975
152 2396
5305 5314
411 8807
241 13820
12217 12218
5106 5107
4304 4388
131 5261
4161 4163
12212 13803
1269 13828
5404 8044
7508 11341
13864 13865
1496 1497
1156 1157
695 1684
