1 577
2 273
2 235
3 286
4 716
4 286
5 507
5 5
6 177
6 226
6 362
7 451
7 14
8 114
8 243
9 501
10 244
11 419
11 229
11 271
12 689
13 122
13 238
14 354
14 451
14 292
14 38
14 711
14 296
14 626
14 547
14 473
15 594
15 588
15 589
15 430
16 126
16 29
16 374
17 458
18 590
18 286
19 53
20 595
20 181
20 718
20 133
21 22
23 82
24 242
24 668
25 449
25 130
25 131
25 422
25 198
26 260
26 139
26 654
26 687
26 286
26 30
27 131
27 108
27 687
27 244
27 184
27 31
28 608
28 354
28 131
28 562
28 345
28 94
29 131
29 357
29 679
29 167
29 654
29 536
29 562
29 374
29 88
29 573
29 446
30 226
30 131
30 354
30 525
30 158
30 596
30 405
30 286
31 131
31 520
31 108
31 403
31 244
31 286
32 483
32 662
32 243
33 584
34 689
34 532
34 637
34 511
35 498
35 355
35 197
36 259
36 62
37 608
37 354
37 451
37 237
37 244
37 287
38 97
38 706
38 451
38 711
38 354
38 243
38 596
38 726
38 183
39 40
39 563
39 444
40 426
41 197
42 354
42 131
42 598
42 547
42 470
42 602
42 251
42 733
43 718
43 559
43 152
43 249
43 602
43 383
44 353
44 709
44 45
44 654
44 87
44 286
45 449
45 130
45 131
45 452
45 555
45 619
45 450
45 687
45 446
45 534
45 474
45 286
46 345
46 387
46 60
46 205
46 286
47 635
48 225
48 451
48 97
48 651
48 243
48 182
49 323
49 365
50 345
50 363
50 183
50 617
51 288
51 160
51 642
51 227
51 708
51 197
51 162
51 394
51 139
51 549
51 654
51 591
51 499
51 532
51 725
51 607
52 443
52 732
54 738
54 62
55 504
55 344
55 354
55 363
56 97
56 451
56 165
56 296
56 525
56 718
56 243
56 212
56 286
56 345
56 509
56 158
57 203
57 126
58 354
58 701
59 378
59 91
59 308
59 197
59 726
60 345
60 286
61 742
62 577
62 539
63 169
64 203
65 419
65 68
65 102
65 395
65 558
65 593
65 115
65 723
65 280
66 618
67 657
67 307
67 278
67 279
67 635
67 381
68 593
69 345
69 475
70 351
70 615
71 718
72 295
73 197
74 642
75 432
76 581
77 299
78 689
78 506
78 532
79 532
80 602
81 212
83 695
83 196
83 551
84 185
84 718
84 703
85 125
86 395
87 425
87 688
87 689
87 532
87 533
87 183
87 116
87 507
87 286
89 354
89 701
89 159
90 718
92 692
92 662
93 677
93 134
93 654
93 687
93 602
93 655
94 131
94 580
94 456
94 395
94 143
94 345
94 286
95 726
96 518
97 387
97 654
97 451
97 414
97 417
97 547
97 296
97 556
97 174
97 115
97 707
97 726
97 473
97 352
97 354
97 616
97 233
97 108
97 168
97 243
97 119
98 194
98 477
99 739
100 718
101 333
103 493
104 689
105 144
105 476
105 750
105 528
105 597
105 636
106 293
106 303
107 579
107 708
107 395
107 108
107 495
107 688
107 210
107 532
107 533
107 599
107 637
108 395
108 280
108 418
108 558
108 688
108 182
108 184
108 699
108 446
108 451
108 580
108 197
108 718
108 210
108 212
108 495
108 244
108 511
109 370
109 324
110 360
110 145
111 521
111 139
111 116
111 599
112 451
112 487
112 233
112 266
112 620
112 243
112 217
113 286
114 547
114 132
114 233
114 686
114 712
114 277
114 726
114 729
114 184
114 377
115 451
115 558
115 243
115 726
115 280
116 688
116 162
116 484
116 197
116 391
116 232
116 203
116 663
116 304
116 180
116 599
116 568
116 308
116 495
116 413
116 637
117 131
118 345
118 286
119 451
119 726
119 473
120 466
120 299
120 142
121 451
123 519
124 736
124 551
124 220
124 589
124 431
126 450
126 547
126 677
126 486
126 266
126 395
126 206
126 302
126 246
126 346
126 491
127 162
128 173
129 424
129 455
130 449
130 131
130 452
130 422
130 198
130 161
130 526
130 163
130 534
130 602
130 604
130 286
131 257
131 598
131 646
131 268
131 654
131 661
131 665
131 282
131 541
131 286
131 390
131 562
131 580
131 460
131 590
131 342
131 345
131 608
131 617
131 751
131 153
131 149
133 235
133 718
134 633
134 244
134 527
135 212
136 428
137 227
138 345
139 458
139 227
139 147
139 389
139 487
139 394
139 654
139 591
139 633
139 410
139 549
140 725
141 345
141 213
141 286
142 395
143 602
144 528
144 476
144 636
146 542
147 286
147 451
147 243
148 196
148 166
148 395
148 687
148 657
148 696
148 602
148 347
149 544
149 256
149 226
149 678
149 687
149 464
149 310
149 350
150 547
150 701
151 525
152 249
152 383
153 721
153 743
154 666
154 395
154 522
155 468
155 239
156 510
156 327
156 392
156 234
156 404
156 286
156 377
156 537
156 602
156 220
156 478
157 628
158 354
158 451
158 677
158 296
158 235
158 525
158 718
158 178
158 180
158 726
158 223
159 444
159 548
159 189
159 631
161 704
161 602
162 288
162 484
162 708
162 197
162 394
162 500
162 499
162 689
162 532
162 663
163 602
164 642
165 320
165 602
166 640
166 644
166 395
166 751
166 657
166 347
166 510
168 602
168 395
168 354
168 451
170 243
170 451
171 241
171 329
172 660
172 667
172 659
173 658
173 221
174 182
175 628
176 286
177 593
177 509
178 197
178 525
178 718
178 434
178 212
178 677
179 718
179 533
179 214
179 391
180 484
180 677
180 525
180 718
180 463
180 434
180 413
180 540
180 509
180 197
181 507
181 612
181 651
181 333
181 451
181 243
181 567
181 475
182 707
182 451
182 296
182 243
182 654
182 726
182 473
183 416
183 354
183 451
183 486
183 202
183 593
183 243
184 675
184 403
184 286
185 548
185 614
185 743
185 747
185 274
185 703
186 592
187 690
187 286
188 445
189 563
189 444
190 608
190 661
190 286
191 195
192 296
192 408
192 354
192 451
193 518
194 404
194 451
194 676
194 610
196 611
196 644
196 517
196 230
196 551
196 356
196 404
196 555
196 653
196 291
196 695
196 536
196 537
196 733
197 390
197 394
197 655
197 532
197 663
197 670
197 288
197 295
197 685
197 689
197 446
197 708
197 206
197 599
197 499
197 318
198 452
198 449
199 202
200 201
203 257
203 514
203 643
203 391
203 264
203 393
203 650
203 395
203 524
203 398
203 272
203 532
203 417
203 244
203 554
203 684
203 429
203 312
203 317
203 705
203 748
203 326
203 328
203 717
203 334
203 335
203 336
203 337
203 338
203 339
203 469
203 471
203 218
203 463
203 734
203 549
203 608
203 482
203 227
203 613
203 721
203 746
203 620
203 622
203 368
203 248
203 379
203 382
204 212
207 642
208 754
208 358
209 725
211 739
212 673
212 357
212 232
212 407
212 744
212 402
212 655
212 417
212 311
212 697
212 286
213 405
213 743
213 615
214 593
214 434
215 286
216 640
216 626
216 451
217 400
219 715
220 668
220 234
220 589
220 669
220 242
220 269
220 537
220 412
220 362
221 658
222 551
223 525
224 387
226 257
226 675
226 260
226 709
226 680
226 654
226 687
226 255
227 257
227 642
227 720
227 410
227 283
227 286
228 578
228 395
229 419
230 517
231 545
232 714
233 451
235 718
235 525
236 428
237 354
237 732
239 468
240 570
240 253
240 598
240 687
241 329
241 445
242 488
242 668
243 654
243 286
243 547
243 296
243 451
243 726
243 473
243 354
243 486
243 617
243 253
243 251
243 298
244 419
244 590
244 527
244 286
245 395
247 666
249 604
250 345
250 286
251 608
251 674
251 363
251 486
251 427
251 354
251 657
251 562
251 547
251 602
251 666
252 423
252 445
252 383
253 384
253 451
253 484
253 677
253 394
253 685
253 729
254 562
254 374
256 257
256 286
257 396
257 302
257 720
258 394
259 577
259 453
260 410
260 286
260 549
261 720
261 695
262 642
262 739
263 331
265 324
266 349
267 597
268 375
269 392
269 537
270 604
273 561
273 508
274 475
275 603
276 738
278 381
280 395
280 723
281 345
281 324
281 286
281 647
282 345
282 286
282 342
283 603
284 554
284 621
285 690
286 513
286 646
286 665
286 652
286 654
286 529
286 661
286 687
286 417
286 547
286 625
286 680
286 297
286 541
286 520
286 709
286 436
286 296
286 562
286 412
286 580
286 410
286 586
286 459
286 590
286 342
286 345
286 346
286 604
286 608
286 353
286 354
286 657
286 745
286 362
286 364
286 630
286 617
286 632
286 379
287 354
287 451
287 486
287 689
287 547
288 637
289 611
290 433
290 611
291 555
292 596
294 451
296 408
296 707
296 451
296 492
296 525
296 472
296 377
298 451
299 354
299 307
299 371
299 701
299 639
300 611
301 718
304 306
304 718
304 599
305 347
305 395
306 558
307 490
307 420
307 737
308 718
308 532
308 533
308 599
308 378
309 437
313 369
314 315
316 739
319 374
321 455
322 624
323 605
323 710
323 365
325 489
325 387
327 404
330 489
330 387
332 498
333 507
333 612
340 466
341 451
341 557
342 460
343 358
343 694
344 354
344 554
345 646
345 520
345 654
345 661
345 421
345 562
345 456
345 593
345 604
345 479
345 608
345 354
345 741
345 617
345 620
345 379
347 644
347 395
347 687
347 720
348 387
348 572
349 532
350 619
351 565
352 451
354 598
354 646
354 652
354 525
354 451
354 408
354 672
354 419
354 430
354 707
354 456
354 547
354 596
354 726
354 602
354 732
354 608
354 486
354 363
354 639
356 404
357 374
358 694
359 719
361 371
362 536
362 537
363 451
363 486
363 726
363 447
365 512
365 605
365 710
366 577
366 482
366 453
367 515
369 571
369 397
371 666
372 553
372 566
373 439
374 562
374 632
375 489
376 590
378 750
380 554
383 602
384 691
385 652
386 718
387 451
387 489
387 461
387 623
387 547
387 665
388 551
389 546
390 394
391 642
391 532
391 599
392 537
394 499
394 637
394 500
394 642
394 410
395 644
395 655
395 657
395 406
395 535
395 677
395 558
395 578
395 718
395 737
395 490
395 621
395 635
399 430
401 582
403 646
403 590
404 517
404 536
404 477
405 672
405 451
405 718
405 547
405 703
406 666
406 580
406 522
408 451
408 486
409 683
410 654
410 690
411 649
412 537
413 677
415 602
417 434
418 547
419 699
419 495
419 689
419 602
419 655
419 687
420 657
423 444
424 438
427 726
431 736
433 602
433 671
434 677
434 463
434 509
435 642
435 590
436 590
438 503
439 505
440 737
441 442
443 732
444 548
444 502
447 701
448 718
449 452
450 535
451 640
451 598
451 523
451 525
451 538
451 752
451 547
451 556
451 687
451 561
451 562
451 701
451 654
451 707
451 454
451 712
451 718
451 721
451 596
451 726
451 473
451 730
451 508
451 510
453 577
453 508
453 561
454 652
454 687
456 608
456 535
457 689
458 611
458 510
459 590
460 608
461 489
461 707
462 623
462 567
463 677
465 667
467 611
467 555
470 689
470 532
470 511
471 683
475 611
475 534
478 596
480 687
481 485
482 564
483 700
483 640
483 676
483 662
484 663
484 599
484 607
486 547
489 623
489 707
491 702
493 702
494 702
495 599
495 568
496 726
496 662
497 549
498 646
502 560
504 676
505 718
506 516
506 708
506 532
506 533
507 735
508 561
508 718
508 703
509 642
509 714
509 533
509 532
510 638
511 532
520 652
520 590
521 725
525 677
525 718
525 726
526 635
526 654
526 687
527 699
529 627
529 676
530 602
531 635
532 533
532 663
532 552
532 688
532 689
532 567
532 579
532 708
532 637
533 642
535 562
535 722
537 611
537 724
537 669
539 577
542 645
543 721
547 672
547 598
547 596
547 606
547 701
550 731
554 621
557 657
560 681
561 718
561 703
562 608
562 726
565 615
567 689
568 599
569 587
572 623
574 694
575 694
576 593
578 657
579 689
579 637
583 648
585 709
590 608
590 654
591 642
591 654
596 711
596 755
598 617
598 726
599 688
599 642
599 718
599 663
599 708
599 637
600 655
601 687
602 644
602 654
602 656
602 703
602 721
602 743
602 619
603 695
604 703
605 727
608 718
608 751
609 642
611 653
611 718
611 728
611 700
612 687
617 646
617 620
617 654
619 687
623 707
623 696
629 726
630 689
634 665
635 753
635 718
635 687
641 718
641 703
642 698
642 714
642 663
642 750
642 655
643 732
644 687
644 657
644 696
646 726
652 687
654 665
654 687
655 682
662 726
664 749
669 724
687 720
690 713
693 739
703 743
703 718
707 726
711 718
714 718
718 721
718 740
743 755
839 839