1 325
1 550
1 488
1 554
1 793
1 63
2 256
2 291
2 485
2 554
2 268
2 613
3 320
3 411
3 136
3 780
3 44
3 536
3 277
3 278
3 279
3 280
3 281
3 410
3 251
3 157
3 373
4 633
5 304
5 662
6 304
7 216
8 670
9 670
10 520
10 233
10 12
10 493
10 302
10 303
10 693
10 661
10 598
10 600
10 25
10 507
10 126
10 575
11 705
13 670
14 304
14 103
15 793
15 716
15 325
16 302
17 802
17 486
17 647
18 550
19 486
20 62
21 785
21 418
21 485
22 37
23 160
23 289
23 658
23 161
24 506
24 515
24 124
24 171
25 133
25 558
25 302
25 661
25 317
25 575
26 802
26 101
26 486
26 104
26 682
26 614
26 211
26 212
26 405
26 310
26 702
27 426
28 536
28 311
29 586
30 368
30 155
30 487
31 550
32 587
33 155
33 484
34 304
34 780
34 157
34 373
35 480
35 707
35 743
35 39
35 268
35 373
35 537
35 127
36 304
36 274
36 405
36 663
37 504
37 44
37 405
37 541
38 157
39 480
39 449
39 642
39 310
39 486
39 647
39 274
39 116
39 662
39 536
39 382
39 127
40 647
40 523
40 782
40 155
40 802
40 677
40 170
40 428
40 175
40 52
40 314
40 702
40 447
40 704
40 705
40 196
40 456
40 210
40 193
40 470
40 486
40 742
40 722
40 368
40 114
40 116
40 382
40 255
41 636
42 488
42 722
43 832
43 705
43 805
43 382
44 802
44 259
44 614
44 307
44 426
44 268
44 304
44 49
44 274
44 373
44 663
44 382
44 671
45 48
46 275
46 831
47 455
48 768
48 225
49 802
49 486
49 391
49 648
49 265
49 679
49 653
49 526
49 368
49 785
49 211
49 404
49 116
49 382
50 272
50 181
50 415
51 304
51 381
51 701
51 373
52 608
52 609
52 674
52 155
52 487
52 513
52 742
52 193
52 523
52 653
52 718
52 304
52 368
52 562
52 788
52 822
52 536
52 793
52 667
52 220
53 536
53 653
53 103
54 210
54 373
54 359
55 82
55 371
56 101
56 486
57 668
58 304
58 314
58 671
59 225
59 163
59 580
59 229
59 406
59 833
59 584
59 684
59 240
59 786
59 662
59 280
59 189
60 808
61 144
61 200
61 244
61 670
62 724
62 570
62 745
63 72
63 554
63 613
63 591
64 486
64 647
65 371
65 382
65 391
66 192
66 486
66 555
66 305
66 373
66 793
66 158
67 550
68 769
69 769
69 668
70 225
70 684
70 109
70 425
71 760
71 295
72 634
72 591
72 628
72 142
73 653
74 590
74 110
74 199
75 88
75 87
76 706
76 555
76 80
76 625
76 658
76 343
76 729
76 127
77 536
77 673
77 822
78 793
78 722
79 378
80 652
80 486
80 113
81 382
82 481
82 98
82 819
83 514
83 99
84 793
85 793
86 225
86 162
89 463
89 486
89 647
90 651
91 388
92 137
92 425
93 157
93 486
93 647
94 551
95 715
96 96
97 538
98 371
98 101
98 486
99 296
99 620
99 527
99 214
99 380
99 158
100 428
100 429
101 133
101 526
101 686
101 790
101 410
101 802
101 809
101 426
101 171
101 302
101 436
101 310
101 704
101 205
101 722
101 211
101 341
101 486
101 108
101 116
101 117
101 249
101 639
101 383
102 730
104 802
104 486
104 382
104 782
104 211
104 116
104 606
104 790
104 574
104 252
104 445
104 318
104 255
105 122
106 430
106 767
107 580
107 137
107 304
107 373
107 406
107 793
108 382
109 225
109 627
109 684
110 379
111 793
112 705
112 175
113 653
113 673
113 674
113 743
113 652
113 208
113 333
113 206
113 304
113 689
113 822
113 536
113 155
114 368
114 418
114 742
114 170
114 523
114 652
114 304
114 785
114 373
114 632
114 220
114 157
115 802
115 211
116 139
116 526
116 405
116 536
116 802
116 306
116 307
116 316
116 702
116 267
116 209
116 722
116 211
116 486
116 368
116 380
116 382
117 418
117 132
117 486
117 488
117 267
117 802
117 628
117 667
117 134
117 255
118 437
118 221
119 368
120 210
121 432
123 533
124 515
124 171
124 814
124 208
124 793
124 506
124 573
125 312
125 322
126 546
126 517
126 137
126 364
126 208
126 425
126 600
127 770
127 779
127 268
127 536
127 799
127 426
127 689
127 691
127 828
127 449
127 837
127 208
127 480
127 228
127 486
127 572
127 375
127 632
127 250
128 415
129 681
130 225
130 619
130 189
130 325
130 425
131 833
132 512
132 134
132 647
132 754
132 242
132 662
132 793
132 699
132 796
132 255
133 260
133 138
133 302
133 600
133 798
134 737
134 391
134 618
134 174
134 793
134 526
134 255
134 682
134 213
135 427
136 480
137 555
137 229
137 580
137 581
137 486
137 551
137 233
137 647
137 557
137 208
137 406
137 631
137 793
137 607
137 517
138 802
138 211
139 512
139 802
139 211
139 486
140 486
141 486
142 357
142 486
142 647
142 554
142 488
142 613
143 390
143 582
143 647
144 145
144 723
144 599
145 244
145 261
146 486
146 647
147 553
147 531
148 572
149 793
150 257
151 432
152 664
153 320
153 448
153 650
153 492
153 526
153 784
153 530
153 663
153 600
153 298
154 189
155 608
155 674
155 451
155 484
155 513
155 609
155 252
155 523
155 653
155 190
155 361
155 536
155 667
155 188
156 240
157 422
157 647
157 486
157 663
157 780
157 718
157 701
157 304
157 177
157 564
157 373
157 279
157 382
157 671
158 256
158 449
158 461
158 566
158 793
159 572
159 268
161 192
161 555
161 207
161 240
161 596
161 793
161 187
162 421
162 703
163 304
163 425
163 684
163 464
163 786
163 693
163 535
163 540
164 225
164 801
165 199
166 682
166 427
166 486
167 432
167 796
167 373
167 182
167 237
168 793
168 658
168 325
169 733
170 193
170 742
170 523
170 653
170 539
171 364
171 432
171 506
171 382
172 793
173 792
174 267
174 486
174 647
175 193
175 802
175 252
175 523
175 652
175 653
175 749
175 722
175 343
175 536
175 539
175 572
175 702
175 447
176 486
177 304
177 780
177 750
178 274
178 404
179 793
179 461
180 607
181 721
181 666
181 793
182 304
182 635
183 714
183 793
183 426
183 676
183 722
184 263
184 283
184 483
185 513
185 196
185 807
185 717
185 368
185 788
185 214
186 657
186 214
186 759
187 579
187 551
187 236
187 240
187 305
188 281
188 426
188 190
188 793
189 225
189 581
189 425
189 535
189 684
189 786
189 215
189 664
189 540
190 271
191 380
192 449
192 297
192 706
192 653
192 536
193 705
193 742
193 556
193 653
193 368
193 722
193 536
193 539
193 764
194 550
194 647
195 400
195 785
196 267
197 793
198 486
198 647
199 712
199 668
199 567
200 723
200 244
200 246
201 403
201 509
202 486
202 647
203 243
203 691
204 662
204 671
206 555
206 580
206 581
206 486
206 743
206 647
206 653
206 793
206 325
206 223
207 579
207 580
207 423
207 555
207 236
207 238
207 465
207 729
208 325
208 555
208 580
208 581
208 486
208 647
208 743
208 812
208 653
208 208
208 756
208 535
208 631
208 793
208 223
209 267
209 486
209 647
210 226
210 359
210 618
210 249
210 314
211 382
211 802
211 267
211 486
211 785
211 647
211 418
211 304
211 405
211 380
211 702
212 647
212 785
212 370
212 437
212 729
212 793
212 221
213 785
213 267
213 486
213 437
214 608
214 292
214 645
214 615
214 681
214 362
214 556
214 751
214 644
214 435
214 825
214 527
214 668
214 414
215 644
215 406
217 452
218 304
219 829
219 742
220 304
220 722
221 444
221 526
222 369
222 661
222 654
223 743
224 304
225 619
225 262
225 786
225 406
225 535
225 536
225 422
225 425
225 557
225 561
225 693
225 580
225 581
225 328
225 728
225 349
225 481
225 483
225 229
225 230
225 233
225 363
225 753
225 756
227 771
227 617
227 227
228 793
229 517
229 756
229 693
229 406
229 535
229 581
231 416
232 793
232 580
232 486
232 647
233 600
233 517
234 536
235 486
235 652
235 653
235 305
235 536
235 382
235 543
236 555
236 418
236 579
236 679
236 551
236 240
237 304
237 635
237 668
238 793
238 647
238 580
238 486
239 304
239 373
240 579
240 551
240 425
240 555
240 653
240 304
240 433
240 794
241 461
241 287
242 433
242 373
242 382
244 670
244 247
245 712
246 723
246 670
246 830
248 528
248 785
248 418
248 497
249 702
251 280
251 427
252 705
252 802
252 647
252 428
252 470
252 382
253 325
253 727
254 793
254 466
254 434
255 486
255 647
255 304
255 793
256 291
256 268
256 461
256 722
256 793
256 287
258 793
258 426
258 722
258 343
259 466
263 283
263 483
264 536
264 793
264 325
264 621
265 418
265 785
265 623
265 528
265 502
266 800
266 587
266 735
267 512
267 448
267 802
267 486
267 391
267 373
267 523
267 304
267 408
267 276
267 314
267 796
267 382
268 449
268 572
268 426
268 779
268 333
268 291
268 793
268 770
268 732
269 722
269 676
269 733
269 426
270 651
270 428
270 270
271 406
272 721
272 426
272 793
273 304
273 373
274 382
274 464
274 614
274 486
274 426
274 491
274 722
274 304
274 305
274 307
274 404
274 373
274 663
274 772
274 733
274 702
275 543
275 452
275 477
275 495
276 480
276 486
276 753
276 761
276 412
277 405
277 279
278 536
279 352
279 678
279 780
279 304
279 280
279 793
280 684
280 304
281 518
281 780
281 305
281 722
281 536
281 671
282 486
282 647
283 543
283 820
284 345
285 708
286 432
287 358
287 460
287 461
287 751
287 468
287 793
287 348
288 772
288 709
289 658
289 557
290 413
291 613
291 554
291 485
292 514
292 667
293 433
293 538
293 532
294 656
295 296
295 722
295 711
295 813
296 760
297 706
297 426
298 580
299 373
300 618
300 373
301 793
301 325
302 400
302 600
302 798
304 780
304 783
304 659
304 796
304 671
304 680
304 669
304 434
304 675
304 439
304 564
304 316
304 701
304 480
304 450
304 707
304 836
304 438
304 582
304 331
304 663
304 718
304 464
304 722
304 365
304 548
304 731
304 826
304 614
304 486
304 487
304 746
304 755
304 373
304 632
304 536
304 381
304 382
305 426
305 427
305 653
305 526
305 785
305 404
305 382
305 690
305 536
305 702
306 382
306 647
307 516
307 362
307 368
307 793
308 653
309 486
309 647
310 647
311 652
311 476
311 653
311 822
313 758
314 391
314 486
314 647
314 796
314 793
314 316
315 793
315 706
315 382
316 486
316 647
316 790
316 382
318 486
318 647
319 793
321 418
323 325
324 722
325 576
325 613
325 486
325 641
325 554
325 658
325 756
325 441
325 621
326 704
327 364
327 805
329 731
330 469
331 662
332 756
333 706
333 689
333 744
333 426
333 536
334 400
334 668
334 335
336 662
336 694
337 428
338 801
338 811
339 539
340 506
341 702
342 427
343 705
343 722
344 490
345 762
346 710
347 350
348 461
350 538
350 541
351 390
353 553
353 354
354 553
355 528
355 418
356 420
357 418
358 793
358 538
358 461
359 618
360 427
361 536
361 691
361 653
362 588
362 556
362 722
362 670
364 676
364 805
364 426
364 560
364 722
364 443
365 523
365 373
366 649
367 373
368 384
368 513
368 523
368 665
368 667
368 556
368 434
368 670
368 447
368 722
368 608
368 742
368 487
368 466
370 373
370 702
371 486
371 481
371 526
371 382
372 393
373 642
373 648
373 780
373 450
373 787
373 404
373 662
373 663
373 671
373 676
373 426
373 687
373 826
373 707
373 718
373 659
373 731
373 480
373 755
373 382
373 638
374 392
375 572
376 418
377 699
377 580
377 486
377 647
378 804
379 640
382 770
382 647
382 648
382 526
382 785
382 404
382 663
382 793
382 491
382 416
382 426
382 702
382 706
382 395
382 722
382 614
382 486
382 444
382 503
383 479
383 749
384 667
384 516
385 393
385 835
385 732
386 748
386 550
387 667
389 486
389 647
390 800
390 582
390 424
390 587
390 588
390 434
391 486
391 526
394 501
394 623
395 486
396 550
397 550
398 402
398 591
399 696
399 681
399 435
399 793
400 569
400 700
401 697
402 616
403 767
404 740
404 486
404 648
404 647
404 664
404 772
404 702
405 457
405 431
406 580
406 786
406 752
406 593
406 498
406 557
407 528
407 785
407 418
407 679
409 793
412 699
413 679
415 793
416 600
416 690
417 536
418 781
418 785
418 802
418 679
418 486
418 618
418 623
418 496
418 497
418 501
418 511
419 550
420 547
421 692
421 604
421 598
423 555
423 580
424 588
424 431
425 786
425 693
425 662
425 535
426 536
426 793
426 676
426 677
426 689
426 688
426 691
426 436
426 706
426 714
426 653
426 722
426 733
426 610
426 486
426 630
427 448
427 611
427 585
427 746
427 747
427 524
427 429
427 494
427 816
427 821
427 824
427 796
427 622
427 446
427 536
428 834
428 429
430 767
431 588
431 582
432 738
432 486
432 582
432 466
432 789
432 605
433 480
433 642
433 707
433 675
433 662
434 587
434 793
435 681
435 490
435 793
435 825
435 796
436 706
436 676
436 722
436 823
436 793
437 486
437 526
437 444
440 793
441 793
441 555
442 486
442 647
444 647
445 802
445 486
445 647
446 580
446 486
446 647
447 705
449 653
449 719
449 689
449 791
449 572
450 486
451 487
453 635
454 597
457 802
458 519
459 605
460 461
461 681
461 751
461 468
461 793
461 825
462 532
464 738
464 653
464 719
464 739
464 793
465 555
465 580
467 506
468 488
471 472
471 473
474 539
475 808
476 536
477 550
477 495
478 541
480 716
480 663
480 564
481 536
482 550
483 685
484 487
485 793
486 512
486 524
486 526
486 532
486 536
486 559
486 586
486 589
486 647
486 660
486 682
486 702
486 706
486 718
486 728
486 742
486 743
486 749
486 605
486 785
486 802
486 832
486 834
488 591
488 628
489 776
491 583
491 663
495 543
496 679
496 623
497 679
497 528
497 785
497 539
498 580
499 500
501 528
501 785
501 679
502 679
502 785
504 608
504 682
505 664
506 515
508 775
509 767
510 793
512 647
512 586
513 608
513 514
513 717
513 788
514 655
514 793
514 667
516 592
517 580
517 581
517 535
517 557
517 719
517 786
517 631
518 536
518 537
520 709
521 637
522 793
523 653
523 705
523 539
523 677
523 742
523 764
524 793
525 670
526 798
526 647
526 793
526 785
527 615
528 679
528 623
529 529
529 573
531 541
532 806
532 647
532 777
533 541
533 542
534 541
535 619
536 662
536 577
536 778
536 652
536 653
536 658
536 793
536 674
536 562
536 691
536 822
536 705
536 828
536 830
536 837
536 716
536 720
536 689
537 564
537 662
538 793
539 742
539 705
539 679
539 623
540 662
541 817
541 542
543 612
544 591
545 550
546 805
549 671
550 629
550 748
550 757
550 818
551 579
552 833
554 591
554 793
555 579
555 743
555 793
559 647
563 696
564 642
564 755
564 632
564 671
565 580
566 793
567 668
568 726
569 712
571 805
572 705
576 793
577 653
578 587
579 729
580 793
580 693
580 581
580 605
580 607
580 741
580 743
580 752
582 587
582 588
582 653
582 793
583 772
583 614
584 753
586 802
591 613
591 628
591 629
592 742
594 793
595 796
601 659
602 793
603 810
605 647
605 793
613 793
614 802
618 681
618 679
618 785
621 793
623 679
623 785
624 745
626 672
629 656
630 676
630 722
630 733
635 712
638 793
640 668
641 793
642 716
643 716
646 793
647 790
647 802
647 718
647 728
647 702
647 743
648 802
652 705
652 707
652 673
652 653
652 822
652 689
653 785
653 793
653 673
653 690
653 691
653 705
653 707
653 822
653 716
653 719
653 722
653 718
653 731
653 720
658 793
659 713
659 671
662 684
662 694
662 766
667 839
667 717
667 788
667 698
668 681
668 725
671 707
671 718
671 702
673 822
674 830
675 699
675 707
676 803
676 773
676 719
676 722
676 793
679 731
679 815
679 785
681 691
681 825
682 790
683 793
684 793
688 733
694 716
695 775
698 776
698 717
699 707
702 704
702 705
702 802
702 780
702 790
705 802
705 749
705 722
706 802
711 760
712 796
712 734
718 780
719 751
720 793
720 822
722 773
722 793
722 803
722 823
722 742
728 793
733 805
735 800
736 800
743 793
750 830
751 825
751 796
760 813
763 820
765 793
771 771
773 775
774 775
785 800
785 802
793 818
793 836
793 827
795 838
797 803
800 802
802 834
