1 20
1 57
1 61
1 69
2 4
2 18
2 20
2 57
2 58
2 63
2 80
2 85
3 4
3 7
3 8
3 23
3 24
4 7
4 8
4 20
4 24
4 34
4 57
4 68
5 9
5 25
5 27
6 10
7 8
7 13
7 24
7 66
7 67
7 86
7 89
8 13
8 14
8 24
8 62
8 90
9 65
10 16
11 13
12 14
12 29
12 64
12 81
13 29
13 90
15 16
16 84
16 85
17 29
17 30
17 57
17 74
17 81
18 29
18 30
18 80
18 81
18 82
19 20
19 57
20 57
20 68
23 24
23 31
23 32
24 26
24 31
24 32
24 35
25 26
25 27
25 67
26 32
27 28
29 30
29 72
29 73
29 81
30 72
30 74
30 76
30 80
30 81
30 82
30 85
31 32
31 33
31 66
32 34
33 34
33 57
33 66
33 67
33 68
33 69
33 81
33 82
35 45
35 67
35 90
38 40
38 56
39 47
39 87
40 55
40 56
43 44
43 45
43 46
43 47
43 48
43 49
43 51
43 56
44 45
44 46
44 47
44 48
44 49
44 68
45 46
45 47
45 48
45 49
45 50
45 67
45 68
46 47
46 49
46 50
46 51
46 55
46 59
46 68
47 48
47 49
47 51
47 53
47 55
47 56
48 49
48 50
48 51
48 52
48 53
48 54
48 56
49 50
49 51
49 59
49 67
49 68
50 51
50 52
50 53
50 54
50 61
51 52
51 53
51 54
51 55
51 56
51 59
51 61
51 90
52 53
52 54
52 56
53 54
53 55
53 56
54 55
54 56
54 85
54 90
55 56
55 59
56 68
56 90
57 58
57 61
57 63
57 69
57 70
57 81
57 82
58 82
59 60
59 61
59 67
59 68
60 68
61 63
61 68
64 82
66 86
67 68
69 70
72 74
73 75
74 81
74 82
77 78
80 81
80 82
80 85
81 82
81 85
82 84
82 85
82 86
85 86
85 89
86 90
89 90
