1 3
1 7
1 11
1 13
1 29
1 37
1 57
1 73
2 4
2 8
2 12
2 58
2 62
2 64
2 74
3 4
3 7
3 19
3 23
3 24
3 29
3 31
3 71
3 73
3 77
4 8
4 20
4 23
4 24
4 32
4 34
4 72
4 74
4 78
5 9
5 15
5 25
5 27
5 29
5 71
5 73
6 10
6 16
6 26
6 28
6 30
6 72
6 74
7 11
7 13
7 29
7 71
7 73
7 77
8 10
8 12
8 14
8 30
8 72
8 74
8 78
9 15
9 29
9 73
10 16
10 30
10 74
11 13
11 17
11 29
12 14
12 18
12 30
13 15
13 29
14 16
14 30
15 29
15 73
16 30
16 74
17 29
17 57
17 81
18 30
18 58
18 64
18 82
19 23
19 31
19 33
19 69
20 34
20 70
21 27
22 26
22 28
23 24
23 31
23 33
23 71
23 73
24 26
24 32
24 34
24 72
24 74
24 78
25 27
25 31
26 28
26 32
26 72
26 74
27 71
28 72
29 57
29 73
29 81
30 64
30 74
30 80
30 82
32 34
33 35
33 67
33 69
34 36
34 68
34 70
35 67
36 68
37 77
37 89
38 56
38 88
39 55
40 56
42 88
43 45
43 47
43 49
43 51
43 67
44 46
44 48
44 50
44 68
45 49
45 67
46 50
46 52
46 68
47 53
47 55
47 67
48 54
48 56
48 68
49 51
49 59
49 67
50 52
50 60
50 66
50 68
51 53
51 59
51 61
51 65
51 81
51 85
51 89
52 54
52 66
52 86
52 90
53 55
53 85
53 89
54 56
54 90
55 89
56 88
56 90
57 59
57 61
57 63
57 73
58 60
58 62
58 64
58 74
58 78
59 61
59 65
59 67
59 73
60 62
60 66
60 68
60 74
61 63
61 65
61 85
62 64
62 66
63 81
63 85
64 66
64 82
65 85
66 82
66 86
67 68
67 77
68 70
71 73
71 77
72 78
73 77
74 78
81 85
82 86
83 85
83 87
85 89
86 88
86 90
88 90
