57 46
156 135
182 191
87 110
12 31
220 237
31 29
223 240
66 55
98 36
78 27
44 31
23 77
94 70
50 95
144 143
6 29
51 100
106 83
1 110
57 31
9 3
5 56
235 232
213 237
143 153
91 46
99 94
30 90
160 152
39 41
33 31
46 43
123 152
214 244
68 104
29 46
66 95
234 237
78 22
83 93
75 94
172 185
96 36
69 103
214 224
19 36
29 41
77 27
55 11
47 46
41 36
184 194
142 121
121 163
173 181
172 182
35 3
219 216
191 198
80 36
54 56
24 94
191 207
136 122
76 27
225 234
24 29
216 217
184 190
186 176
171 208
92 55
169 182
13 82
183 187
95 36
127 152
228 240
75 29
91 23
127 122
79 31
197 190
131 141
96 41
67 93
103 116
213 231
149 120
3 20
139 140
218 216
125 144
36 94
20 46
2 98
215 234
80 94
40 46
90 87
176 198
92 90
215 231
6 31
76 11
60 81
53 55
59 101
141 147
184 191
53 83
223 222
17 11
22 55
221 237
186 198
173 180
135 153
90 110
14 3
46 111
38 7
44 3
174 176
122 126
179 192
37 46
187 208
1 87
236 238
125 151
214 217
141 127
220 240
61 110
193 194
73 57
227 245
127 118
90 109
229 221
136 160
176 191
147 135
11 36
12 42
20 29
80 29
55 41
79 18
122 147
148 166
98 11
212 217
65 52
226 237
173 185
97 70
168 176
133 145
32 55
107 106
24 95
52 100
180 183
177 189
131 150
146 122
190 207
52 98
243 230
77 22
3 29
46 81
175 182
223 229
171 207
218 217
119 121
34 22
68 89
2 55
28 98
99 29
65 51
118 161
25 29
9 29
219 237
194 173
39 29
125 122
232 231
169 175
21 77
69 43
219 231
188 209
60 45
28 90
131 122
104 111
189 168
135 141
99 52
61 83
5 61
242 217
194 192
232 237
8 111
181 210
30 27
40 44
128 132
64 100
67 87
243 237
146 163
7 94
44 23
8 55
4 33
101 98
97 53
102 45
197 194
134 153
190 209
140 122
18 49
227 229
83 11
58 83
174 206
13 37
78 1
132 141
61 67
139 152
4 103
226 216
145 152
242 236
234 231
40 100
177 168
128 163
177 190
98 29
123 122
237 231
220 229
216 237
174 191
18 82
48 100
97 40
123 141
17 36
145 122
1 90
120 147
180 188
10 5
59 45
79 29
7 23
35 45
56 31
150 141
26 42
243 218
66 28
179 175
222 245
149 141
130 122
150 122
146 141
89 20
36 29
38 4
67 110
27 92
228 245
106 94
27 101
85 46
28 116
102 101
221 231
60 3
91 40
229 216
29 100
188 210
26 11
239 217
14 29
33 94
130 145
22 66
58 11
86 98
144 145
26 32
145 153
144 147
119 163
130 152
106 70
217 233
10 56
17 48
92 104
33 29
225 217
226 231
186 191
9 23
240 245
224 244
42 102
107 4
213 217
149 122
120 122
62 102
95 28
56 68
57 29
121 123
108 55
193 192
142 163
32 29
160 122
3 37
180 181
126 129
238 242
142 119
20 37
6 43
218 235
42 101
35 46
190 176
176 194
19 96
56 94
76 36
38 106
23 27
4 94
159 150
143 147
143 140
132 122
18 83
107 38
225 232
197 191
160 153
183 210
118 141
124 125
204 207
50 83
129 141
55 28
156 145
16 98
7 106
221 239
147 152
133 122
8 36
86 40
42 45
101 46
120 145
235 233
5 52
139 122
14 57
53 36
227 240
179 190
156 148
22 23
93 97
168 182
150 135
183 185
108 36
135 122
181 209
222 242
216 231
136 150
229 243
215 232
25 26
86 23
103 43
58 111
12 41
172 210
68 87
49 56
133 148
63 111
185 210
185 187
51 40
212 216
178 198
13 20
48 55
16 29
168 175
64 46
137 153
119 123
2 11
137 122
239 216
15 29
217 234
187 209
63 104
108 53
124 128
170 175
32 109
45 101
140 152
122 141
34 103
124 141
231 217
52 37
64 55
234 240
25 54
129 140
