120 163
182 191
130 143
41 94
188 171
87 110
12 31
214 232
175 191
144 140
93 47
23 86
6 94
223 240
26 76
168 177
120 123
152 157
53 108
153 166
9 98
8 98
142 120
222 229
2 90
212 241
90 22
57 99
52 81
99 94
168 180
92 93
39 41
57 61
23 54
65 69
174 190
230 233
128 161
16 3
37 29
86 93
28 36
137 133
49 27
48 97
82 46
29 41
20 95
198 207
65 87
60 102
121 163
81 61
19 41
137 149
95 100
185 199
176 188
36 53
50 111
176 190
122 123
43 97
212 234
158 138
48 111
190 182
185 209
155 150
1 58
216 217
92 55
71 58
169 182
28 95
181 193
222 218
230 232
228 240
223 245
67 43
28 88
127 122
226 214
58 48
52 61
170 196
9 51
139 140
8 30
125 144
176 186
149 133
192 206
22 51
5 60
78 48
9 42
47 101
62 54
172 169
242 239
140 159
151 148
109 58
39 31
234 214
101 45
224 222
35 44
47 58
184 176
141 147
86 51
3 31
190 206
223 222
94 108
17 11
187 193
217 242
8 83
90 76
38 7
44 54
224 214
179 192
37 46
7 80
236 238
158 145
130 162
220 240
227 245
212 242
187 181
118 127
214 233
152 122
82 47
131 136
153 148
147 155
122 147
148 166
125 141
137 125
118 120
183 209
133 145
98 100
30 103
32 55
24 95
52 100
200 180
199 188
150 167
71 108
225 230
178 207
18 105
130 167
10 61
239 232
61 79
14 113
215 235
231 232
180 183
146 122
84 96
102 87
46 81
175 182
177 200
217 214
191 194
99 29
79 50
5 99
42 57
39 29
221 238
155 167
59 69
3 35
235 218
235 230
171 185
15 114
34 93
193 209
145 141
46 20
226 225
27 115
227 222
15 5
219 231
126 143
236 242
188 209
104 111
216 226
157 162
135 141
96 89
40 44
128 132
1 112
59 64
243 246
30 98
173 191
4 33
236 243
21 114
186 208
31 54
102 69
227 229
30 100
188 193
213 222
142 125
146 123
127 141
81 40
13 104
40 100
19 78
56 91
134 166
237 231
60 84
67 5
220 229
216 237
31 44
36 96
90 17
237 226
152 141
136 155
221 242
134 167
4 106
103 65
239 246
150 151
132 123
26 42
41 55
182 204
47 108
19 52
95 44
135 118
51 35
132 153
29 94
218 214
74 57
104 115
11 58
155 164
100 81
63 8
231 233
228 245
189 194
218 232
243 242
25 103
56 72
219 225
78 111
123 139
25 66
109 53
229 216
172 179
51 23
128 118
224 233
67 99
119 163
121 119
169 206
140 126
17 48
15 54
129 144
31 35
202 206
21 10
71 34
12 106
240 245
42 102
120 122
43 37
145 162
96 78
43 99
151 164
84 102
125 163
121 123
143 144
199 180
104 84
184 186
34 106
5 12
126 129
238 242
170 186
20 37
17 100
81 79
102 65
214 230
218 233
164 163
54 95
38 106
4 94
142 141
177 180
18 83
143 147
225 232
49 28
126 144
173 175
148 145
64 69
118 141
2 100
124 125
149 147
171 187
225 214
1 8
198 204
158 164
16 98
49 45
7 106
221 239
183 194
133 122
220 242
172 192
92 47
183 181
14 57
78 50
93 70
139 122
36 100
56 82
22 23
141 163
10 79
48 50
171 193
226 232
27 62
94 36
135 122
181 209
108 112
232 233
219 235
204 191
215 232
68 60
119 127
58 111
168 200
164 141
234 216
215 233
190 191
133 148
131 133
173 210
51 114
50 97
62 3
62 37
164 122
174 194
146 127
185 173
178 198
16 29
3 44
119 123
151 139
174 182
33 69
189 182
187 209
124 128
170 175
32 109
233 225
234 215
229 245
22 54
65 110
34 103
93 36
124 141
127 125
139 145
20 35
129 140
