200 168
73 34
120 163
182 191
180 207
220 237
90 93
143 122
225 237
23 86
223 240
215 242
138 122
168 177
120 123
78 27
23 77
198 176
6 29
1 110
57 31
70 94
2 90
235 232
213 237
52 81
221 232
99 94
168 189
30 90
39 41
87 46
45 84
7 92
174 204
137 145
214 244
66 95
65 69
78 22
101 93
93 11
43 46
172 185
96 36
101 113
137 133
182 168
46 37
214 224
19 36
82 20
44 100
82 46
198 207
65 87
47 46
224 242
41 36
225 231
142 121
121 163
181 208
52 21
172 182
33 35
19 41
219 216
191 198
80 36
54 56
218 230
136 148
136 122
76 27
176 190
58 98
232 218
213 242
212 234
185 209
216 217
184 190
186 176
107 7
92 55
72 41
169 182
13 82
95 36
16 37
231 234
228 240
170 205
127 122
80 106
197 190
221 243
72 101
32 111
103 116
213 231
81 100
178 191
48 28
170 196
3 20
139 140
55 109
215 216
239 229
218 216
125 144
36 94
20 46
24 22
192 206
22 51
194 176
40 46
4 7
132 152
6 31
151 148
60 81
39 31
59 101
81 43
68 56
54 117
60 12
41 46
225 216
233 226
104 109
184 176
49 54
184 191
17 11
240 232
11 49
199 175
8 83
97 109
226 217
155 122
187 208
1 87
134 131
236 238
21 42
220 240
61 110
193 194
73 57
227 245
118 127
193 207
10 89
90 109
176 191
12 42
11 36
20 29
125 141
98 11
212 217
226 237
97 70
183 209
168 176
133 145
98 100
34 65
54 89
12 102
230 235
200 190
233 216
32 55
169 192
107 106
96 100
52 100
24 95
180 211
47 20
14 113
231 232
47 82
177 189
87 44
146 122
122 153
84 96
190 207
3 29
46 81
175 182
223 229
155 136
157 141
119 121
67 83
191 194
189 198
169 172
103 95
28 98
29 31
236 230
180 208
99 29
10 88
183 188
157 145
118 161
5 99
105 55
92 66
33 87
51 31
39 29
3 35
18 93
21 77
234 236
227 222
15 5
219 231
126 143
224 217
178 173
236 242
122 135
188 209
171 211
60 45
28 90
229 240
181 188
131 122
233 232
104 111
135 141
149 144
61 83
76 90
242 217
186 190
74 89
194 192
105 83
131 130
194 183
48 17
99 6
40 44
128 132
188 207
56 6
8 55
30 98
4 33
102 45
56 29
134 153
140 122
227 229
30 100
134 148
34 98
174 206
27 77
229 222
139 159
13 37
127 141
78 1
61 67
85 87
226 216
183 211
40 100
230 231
175 176
179 191
177 190
123 122
98 29
237 231
220 229
216 237
18 82
31 44
48 100
5 65
123 141
17 36
1 90
222 223
221 242
59 45
53 98
80 41
159 146
4 106
150 151
150 141
128 122
26 42
41 55
14 87
199 187
160 145
93 100
135 118
219 239
66 28
185 193
179 175
155 164
222 245
149 141
130 122
146 141
9 21
36 29
38 4
67 110
200 208
27 92
228 245
189 194
27 101
85 117
62 27
150 126
145 143
25 66
157 133
94 89
140 160
58 11
28 11
144 145
21 23
26 32
51 3
144 147
97 106
119 163
130 152
232 216
173 211
15 54
128 159
145 147
130 159
186 191
9 23
71 34
199 185
147 122
42 102
171 188
85 10
237 215
72 43
105 11
144 141
120 122
87 42
43 99
95 28
57 29
84 102
62 91
121 123
108 55
193 192
142 163
217 218
125 127
5 12
126 129
71 106
238 242
142 119
20 37
6 43
218 235
42 101
17 100
173 209
19 96
56 94
76 36
26 45
38 106
159 150
143 140
132 122
18 83
197 191
69 3
71 4
69 31
45 96
126 144
148 145
64 69
146 164
118 141
2 100
124 125
149 147
129 141
55 28
234 238
156 145
16 98
7 106
133 122
8 36
33 3
42 45
64 59
138 135
139 122
14 57
53 36
179 190
156 148
22 23
43 69
73 56
141 163
35 114
141 122
29 37
108 36
181 209
222 242
216 231
136 150
215 232
103 43
58 111
172 210
232 217
49 56
196 205
190 191
133 148
63 111
75 41
185 187
131 133
173 210
53 102
46 3
11 55
178 198
13 20
62 92
212 231
202 173
147 143
10 117
16 29
119 123
151 139
22 77
174 182
96 93
137 122
15 29
217 234
189 182
187 209
124 128
63 104
108 53
122 152
170 175
32 109
138 141
45 101
238 230
65 110
94 54
124 141
34 103
93 36
9 22
90 11
129 140
