1454 1462
211 1794
751 642
345 354
1123 1124
515 518
754 44
432 1244
1803 1809
193 803
182 484
1079 2578
756 757
628 629
526 525
626 1198
222 1705
1816 216
1723 57
542 1060
305 306
1464 371
1231 1585
519 520
2387 2388
542 821
357 358
217 715
1509 1510
390 278
1376 1216
595 596
5 6
1723 368
568 569
178 262
352 480
1104 1105
180 169
227 498
1725 160
528 106
2562 2563
285 216
621 1745
580 581
1729 209
1433 276
1538 1425
173 363
1473 1474
542 828
754 1080
1433 1662
2563 2568
249 250
1531 1532
182 2552
73 757
757 661
484 487
416 148
131 132
554 2377
542 1066
542 842
2206 1365
1454 896
196 538
1300 1372
295 1212
1803 314
532 376
181 336
1096 956
1722 368
455 145
180 2532
294 1198
1725 1721
122 123
1717 44
808 809
757 777
626 625
1717 1718
330 331
536 537
159 160
542 859
1803 1804
1695 639
1035 639
2490 2491
1107 736
1212 1010
542 851
465 466
307 309
712 1286
1765 757
499 76
2295 2341
633 6
1454 538
542 831
299 301
1723 1719
1162 582
370 371
223 224
178 265
786 1195
542 863
626 484
445 2348
367 44
1107 1110
476 477
455 212
328 329
1556 639
145 149
542 832
554 749
128 37
1454 1460
52 53
880 1672
222 1158
767 502
139 143
1193 465
655 878
398 401
46 44
126 127
9 10
698 338
542 839
180 2530
56 212
1096 801
542 822
1102 1103
195 194
577 200
559 558
196 812
808 810
627 625
197 198
211 1801
81 308
1569 639
142 418
1202 445
425 173
2529 32
599 1742
2385 445
180 507
2345 1779
814 371
227 228
628 132
198 553
1464 225
771 772
193 194
1454 1456
719 739
626 1691
2206 1216
1039 383
342 343
229 236
515 371
1780 1372
411 383
411 106
381 382
2631 1387
542 1048
503 504
506 504
419 420
582 581
1215 1212
73 542
405 407
1723 1718
1688 1200
164 165
1540 106
1717 1721
348 352
180 183
161 160
568 570
2352 2354
1454 1455
2352 2357
2345 297
682 753
472 471
1722 160
799 800
1121 1122
771 773
209 210
542 838
542 161
390 391
542 1072
2535 2534
1803 1806
320 321
20 21
1409 310
44 1440
128 1568
372 371
180 2531
1454 1461
542 847
502 661
1288 1287
371 6
1748 1746
149 1103
473 471
542 864
465 1194
1101 148
382 383
35 1579
1667 382
715 2548
542 1052
1727 209
323 326
1406 1404
180 2533
2505 2506
880 1671
222 216
139 142
2352 2363
1121 1119
445 1195
542 1057
1518 85
529 934
1733 46
1107 1108
52 54
1722 312
1591 582
173 174
179 180
1127 1126
417 1103
259 1541
411 413
211 1802
542 843
251 639
451 1216
139 417
213 215
528 382
1753 1754
1581 1584
459 576
323 325
1162 639
1723 1720
63 64
585 615
470 471
134 160
542 819
120 1732
554 1139
515 516
554 555
542 823
76 639
2514 1365
394 2520
1371 1148
977 1484
100 29
437 438
2562 2565
702 703
360 424
1803 1811
78 79
182 2550
757 193
222 484
1107 212
656 78
593 600
542 858
52 56
1165 1689
643 644
2484 1457
1753 1755
193 809
626 1099
626 148
542 1059
1722 1718
585 570
2352 2355
666 665
451 1421
451 452
133 134
1045 333
635 636
180 811
2508 2509
505 504
1550 1551
880 1670
178 263
660 639
408 409
1125 1126
2523 244
1479 1480
313 314
1541 1235
636 637
542 1071
542 850
2566 2568
2489 1639
1574 757
37 68
1704 438
394 396
345 355
679 639
1722 1721
542 1051
144 146
757 776
542 837
297 484
76 337
1454 1459
1106 1107
340 341
1803 1807
216 44
715 2549
484 488
712 713
144 147
2580 2581
182 2548
593 419
222 2522
542 1058
1717 57
795 796
1415 1418
1729 438
411 76
757 424
334 335
442 443
542 1062
352 482
307 310
359 360
290 313
1213 1212
198 551
1087 1088
188 189
1968 2556
279 280
285 2377
542 1047
139 141
1177 642
1743 1742
1548 1549
542 857
542 852
1759 1726
217 218
649 639
295 1010
1728 209
1723 53
542 844
2492 2494
789 790
1717 1720
452 514
367 368
193 344
2631 1158
507 501
139 416
1415 1417
2562 2564
1495 1496
173 362
1722 1720
17 18
626 2496
1717 763
2345 1372
542 817
196 1005
757 778
1454 1458
1454 371
2188 2634
323 324
757 775
251 252
2492 2493
139 1101
139 1102
196 371
2537 2538
711 1778
135 427
213 216
2352 613
1214 1212
46 56
211 580
182 2549
327 328
654 451
542 841
303 304
2349 466
139 1361
375 376
529 541
483 62
13 12
180 182
1763 757
542 849
390 640
208 210
289 106
542 1070
542 860
298 2548
222 625
1703 712
757 780
554 748
1079 2579
295 484
2544 2545
440 439
405 404
37 67
1431 160
398 400
542 2498
1091 200
408 410
6 132
344 106
630 629
2295 2342
1509 1512
542 1061
627 1691
196 344
1096 871
807 344
1723 402
2364 2366
880 1677
171 172
122 219
1411 405
259 106
290 401
1087 1089
1096 1098
542 824
442 444
2567 2568
307 308
166 167
128 130
352 478
542 836
1386 106
182 298
1121 1116
1085 1086
1096 1097
1751 1752
1371 292
178 266
453 454
110 29
273 274
658 78
148 1102
198 550
1162 567
634 6
706 708
1722 313
406 407
1729 1730
195 597
2562 2566
786 1035
8 169
295 2496
1112 200
1826 1827
1371 105
1703 137
1128 1129
1717 1719
626 1705
542 845
807 803
542 1054
657 78
544 545
394 2519
1581 1582
178 267
369 368
880 1675
446 447
369 44
102 597
1968 2553
811 106
585 569
2352 2361
693 694
181 180
2489 1712
1733 216
371 1040
451 647
1803 157
229 230
645 582
674 254
352 481
1503 1131
808 803
128 101
178 270
754 663
1371 104
542 820
1360 1361
289 48
145 139
542 818
1581 2375
139 140
196 803
109 448
542 825
542 1064
196 804
2364 2365
1041 1040
196 194
206 207
1667 106
285 286
449 450
176 178
295 1705
1533 1534
211 1800
1729 1726
290 312
1722 53
52 58
1683 1684
2562 2567
751 1198
211 1799
345 353
1722 763
193 810
257 1560
275 276
1403 639
135 136
542 1046
1196 1372
1803 1812
1174 642
814 816
44 434
799 445
699 700
1753 386
1113 200
352 479
394 2518
1782 1783
1803 1805
511 1742
542 846
515 517
1454 894
542 1067
1782 383
451 342
211 1798
1722 1719
15 16
222 782
425 424
539 624
196 801
542 1063
1162 1373
880 1676
706 707
342 21
184 341
213 214
543 383
180 2534
504 1384
542 835
1401 1402
629 468
542 861
2574 616
2335 2336
1780 1779
139 149
112 113
542 1053
52 55
411 259
585 1387
542 855
384 382
659 78
2525 2526
693 695
394 395
2512 2513
1748 1747
1510 1525
295 148
345 352
211 1793
745 744
483 61
807 809
176 177
903 1579
1803 1808
1485 1486
69 70
1725 209
1683 1685
196 2386
1722 57
455 146
195 763
542 830
178 272
315 316
1772 85
216 56
1371 1150
120 121
2352 2360
342 542
542 1049
6 629
784 785
178 271
7 8
2352 2358
59 58
390 393
295 625
295 1158
1038 1035
2352 2353
1780 297
131 499
389 390
542 1421
1696 1158
103 106
2489 1623
178 264
459 460
1199 1198
704 703
631 629
814 815
557 558
223 226
464 465
1464 1465
1454 1457
645 2346
148 417
529 2504
1744 1748
645 646
1723 1724
542 829
1232 1233
542 826
123 125
429 430
542 840
222 1716
340 2542
1576 1097
299 300
1725 1726
1552 1553
144 44
1145 542
542 834
751 682
211 1797
530 383
542 1068
116 117
1177 1198
118 119
524 525
797 796
1409 1167
1211 1212
542 854
182 715
313 195
37 66
789 46
542 1055
1782 1784
880 1673
880 1669
100 101
1360 416
294 1691
181 183
719 528
626 1158
1452 1453
593 432
1663 1664
1230 1231
2537 2539
174 424
640 641
178 269
97 442
76 35
398 399
542 862
61 313
542 853
1569 1558
342 344
627 1198
2352 2356
1764 757
196 810
82 83
445 2377
103 105
454 1735
526 1445
542 848
211 212
10 11
394 2517
1725 1720
751 1750
456 212
531 383
1590 582
257 1684
122 754
807 810
307 121
2489 371
1482 1483
585 1157
297 2552
1773 1588
469 76
2352 2362
1479 1429
1717 312
200 201
217 314
155 397
144 145
173 360
757 779
743 744
315 317
196 894
162 163
2352 2359
2580 2582
1968 2555
560 558
2367 2368
1581 1583
222 2496
196 806
1536 1537
1508 977
1723 44
1371 1149
211 1796
390 392
1729 160
440 441
123 124
1454 639
182 356
783 782
56 434
1744 1747
1695 1158
542 827
1107 1109
786 1467
1445 639
195 365
542 1056
1773 1774
457 212
542 1073
1717 160
1569 1570
645 1237
639 666
307 311
157 158
757 781
298 2549
1128 627
222 1596
1362 582
84 86
630 132
626 216
61 312
1740 635
178 268
257 258
35 193
173 364
1803 1810
1165 1686
1739 635
220 221
295 1198
1540 382
2387 155
211 1795
578 579
542 1069
1158 542
632 132
1725 44
222 2521
148 149
1575 1574
1479 44
411 412
706 709
1172 1173
373 374
1509 1511
84 85
542 1065
1466 371
189 190
114 115
2490 468
1514 1356
1165 1665
411 1235
621 1744
543 701
1776 1777
1174 1198
1693 1694
255 256
542 1050
128 129
655 295
1432 502
1744 1746
1449 1450
111 29
222 130
2391 2392
1514 1515
1575 757
1411 404
161 195
367 56
369 56
1717 368
169 1535
134 209
411 331
542 856
173 361
308 380
295 216
196 802
1433 698
289 382
604 605
554 750
1234 76
196 809
880 1674
2383 1596
52 57
814 538
145 148
208 209
2337 639
808 344
631 132
1717 313
655 451
289 1151
332 333
1728 1726
222 148
546 1766
1415 1416
365 366
442 445
1775 1588
1723 763
542 833
1968 2554
1688 663
197 199
1722 44
277 278
1196 1371
1717 53
196 805
223 225
1727 1726
245 169
2640 2640