639 1667
242 229
639 2241
293 222
1039 1760
539 540
639 2232
180 1134
1542 1543
1153 639
639 1849
434 216
719 720
639 896
639 2250
502 744
1587 1634
639 2044
1412 1974
466 1447
639 2021
432 1280
1412 2416
287 288
639 2097
639 953
639 2308
639 2072
639 2264
639 2177
460 1361
1412 1332
639 2185
639 2088
787 297
89 91
816 1007
639 2020
2481 2483
1684 2508
1412 2407
538 869
259 1715
1811 533
2390 1344
1412 2469
663 538
281 282
2380 2381
501 1780
673 222
1587 1653
1158 2632
109 29
1139 639
816 970
639 1553
639 53
226 560
2575 2577
1412 900
639 1615
639 2215
639 1961
816 895
1412 801
639 2248
714 298
1158 1331
1481 1962
639 660
816 969
639 1865
639 2062
455 212
639 2324
639 2162
1287 1290
639 790
377 386
816 920
639 148
539 2524
880 1672
673 496
1412 893
1371 1196
1158 32
639 942
293 1616
1340 1348
2635 2636
639 2144
1509 1513
639 2142
816 877
432 1253
1341 736
710 711
2374 733
1005 1038
432 1260
1518 1517
639 2033
639 1988
1587 612
639 2286
1697 1558
151 1541
639 1428
816 1028
253 254
639 1401
816 885
639 2296
639 1855
1158 258
1587 1616
1587 69
1394 1397
1039 1790
2508 2510
639 2116
281 284
816 916
639 2191
639 2294
432 1245
1074 698
639 2239
1443 621
1542 519
293 1617
451 295
76 411
639 1100
1412 2446
1158 1221
771 773
639 1929
1557 394
639 183
1409 35
1341 1356
1409 310
293 1603
22 48
1176 751
1666 106
639 979
1412 2410
398 402
639 915
639 1481
816 1011
22 24
1587 1030
639 1941
14 502
639 1926
22 47
1107 1111
546 548
794 407
816 974
816 1016
1293 1315
514 1471
1412 2458
639 1590
2547 2546
639 2183
542 744
639 2075
1293 872
639 1881
293 1600
1158 2591
564 540
411 382
1340 1357
63 64
697 639
816 870
639 2000
120 1732
639 1877
639 625
639 1905
2534 180
1036 538
639 2126
76 639
2514 1365
1710 1713
2543 1174
1214 509
1293 738
229 244
639 1840
1153 1154
639 2151
145 212
1577 48
816 943
1081 1200
786 788
1587 1588
14 1505
1587 625
1412 2471
679 1738
1158 2627
639 106
682 752
639 2103
1392 1825
293 954
715 217
293 1622
293 294
816 873
639 2013
1412 992
133 134
639 2207
1412 1610
622 623
1574 757
293 295
639 1541
639 1425
293 394
1412 2463
639 1946
1562 629
639 2329
567 692
639 64
1589 1714
1158 66
259 1230
2635 2639
639 38
639 2224
1039 467
1235 1542
1499 1502
2374 2375
639 1911
1158 2605
639 1993
754 639
2575 2339
639 1900
816 889
639 1530
1167 1100
2635 2148
1177 642
1759 1726
432 1274
276 1834
1587 1650
1665 1158
1178 1185
639 1990
292 293
789 790
1412 2451
639 931
639 2310
1336 1338
1293 1126
816 737
680 542
639 708
510 682
35 77
1158 875
1342 1351
1158 105
816 992
639 2246
2231 2234
196 1005
1542 101
1454 371
432 1267
639 131
2635 629
1293 1310
816 953
639 2107
639 1657
22 23
1158 2615
1412 2399
1412 2115
880 85
639 576
276 109
679 1735
139 1361
774 1463
754 2558
529 541
2370 1212
1235 382
406 404
1842 435
1079 2579
1341 1348
639 2066
639 2135
639 2273
233 234
1158 1326
639 2312
1293 1296
639 1870
1293 1302
445 807
1412 1639
1720 639
639 923
155 2389
639 1639
635 1226
1661 752
1412 1365
639 1956
796 502
1293 1335
639 2037
639 1983
639 103
1081 1195
639 2254
99 1561
816 609
276 2267
149 139
293 101
816 907
22 28
2369 1212
1587 666
2374 35
790 1762
1158 1502
639 1691
1786 259
542 1148
1412 1118
1412 2370
501 673
1178 1181
312 213
673 353
794 404
639 2304
627 1128
1377 1378
639 1594
639 2019
169 502
816 996
3 4
1409 1712
639 2167
1174 751
240 241
622 2575
816 66
525 527
2334 1741
639 2198
1158 2586
816 899
639 2272
639 1750
1434 815
639 788
1587 1630
1409 2501
371 1040
1158 2628
639 2211
639 740
1541 383
639 2113
816 982
1587 1642
1412 960
639 1904
816 919
639 1998
1703 976
1293 1311
639 2040
639 2090
1787 1788
639 1964
639 1895
1412 2480
1451 7
1303 1302
790 46
816 952
436 328
1412 2413
293 976
1116 1117
816 946
2231 2235
73 74
338 698
432 1239
639 2170
639 477
44 434
816 912
1412 2476
719 733
542 678
2573 2569
639 2257
1454 894
639 2093
1595 1592
816 978
486 484
1407 1409
666 1580
345 349
44 754
1158 2590
2495 711
816 986
639 259
1368 872
639 1974
461 463
639 1350
816 891
146 1803
718 499
1587 101
590 591
1158 1636
816 917
816 892
345 346
1767 1769
1412 2394
1340 1356
803 807
169 639
934 639
816 1013
639 2282
639 2121
639 1164
639 2328
639 2133
816 132
1510 1525
639 1909
1412 2466
1412 2441
1340 1344
719 723
1293 1324
639 239
639 1182
200 1814
1341 1359
1336 1337
1409 1423
639 2089
432 1256
719 728
639 2084
519 469
1136 1135
1542 1545
639 2263
639 1653
1412 612
1005 538
80 81
639 2290
1378 1397
639 709
1519 1522
433 593
1158 1849
639 2169
331 330
1178 1189
276 42
1587 1204
639 1043
1412 2478
623 1230
217 1781
22 14
459 460
180 1397
639 1622
1499 1158
816 931
627 639
816 1024
432 1270
1293 881
1699 1700
639 2195
1412 2455
639 774
639 2003
14 99
1342 295
1099 964
40 1397
1409 1167
1158 878
816 874
639 2223
1106 212
639 282
816 964
220 222
719 528
2573 2570
1842 290
1158 1712
1158 2609
1227 1228
640 641
22 35
44 1803
276 1838
387 1491
639 1874
639 1135
639 1222
642 639
2481 2482
1340 554
1202 1195
639 1319
1587 1658
1441 1380
1342 1359
1842 44
1293 1294
639 599
1438 1439
1412 2420
1293 875
200 201
2374 1581
679 2231
639 1887
639 1915
1293 102
1412 2438
639 1949
2339 1162
639 2018
1996 1995
1760 411
639 2054
639 1884
639 1942
639 897
1581 1555
639 1312
1581 1583
1508 977
816 1020
1587 1649
1412 2435
1412 2402
639 366
56 434
753 1412
2551 639
676 639
1235 259
639 2136
639 666
22 25
293 1626
1341 642
293 1608
639 2204
501 1082
35 193
1158 2611
816 924
639 1509
1158 2624
639 1939
639 1868
1158 1167
639 2189
432 1284
76 151
639 2139
1293 1301
639 2118
757 1764
1293 1306
698 342
639 2203
1409 2071
1341 1350
816 998
137 138
1158 2595
639 1931
1435 1164
1207 1208
1158 2601
525 524
276 397
816 1005
639 1630
673 639
1489 1491
574 575
1134 639
639 1951
40 784
1235 106
1293 1327
1542 394
1341 1344
89 95
145 148
293 726
1207 1209
639 2228
639 2278
1412 879
1293 1334
816 881
1842 1843
1158 2588
61 195
759 760
293 1623
1436 1437
2635 1634
639 1738
816 886
816 956
435 1097
639 2317
191 192
639 1861
432 1259
2374 732
1293 32
755 639
639 2174
639 2285
432 1244
1587 904
639 1435
639 2008
2 14
430 635
639 1987
1378 784
816 1019
281 283
639 1325
1005 1037
293 1167
1738 1737
1509 1510
816 975
56 458
1412 2037
1412 2439
76 1554
541 542
816 1031
639 1999
432 1261
639 1918
639 1980
296 292
639 2236
1689 1165
2508 2511
639 2295
1158 921
757 237
1172 1451
293 1317
639 1467
1158 25
1300 1372
1288 1504
1587 1654
1412 2398
1158 2602
1712 1713
669 639
414 415
1528 1529
1340 1349
1501 1500
639 679
816 942
708 1708
6 490
1341 1346
22 49
639 1908
1489 1494
546 549
639 895
639 1932
666 1302
639 2297
1158 2631
1045 796
1587 1608
1293 1299
639 2180
1158 2597
1178 1186
1158 2115
639 906
751 1175
1293 1314
639 1480
816 908
639 2065
639 2098
816 1032
1075 611
1412 2417
639 903
1412 2418
880 1678
639 2134
81 308
1412 2459
639 2125
639 1962
1822 1823
1489 1493
763 195
14 291
411 1785
35 701
639 2216
567 623
1587 1635
541 383
297 1701
432 1281
151 1230
639 757
1587 1602
816 962
76 1761
71 72
1587 1656
151 1544
1372 292
1738 2350
816 957
816 921
1815 459
1039 383
220 639
639 1092
639 28
639 1202
1180 1195
1412 2411
816 1008
276 1833
1438 1437
293 1615
816 394
639 2206
1158 2594
1158 801
816 971
1587 1652
682 753
1158 1400
293 1311
639 1950
663 629
639 1407
639 1463
1342 1350
1634 1734
786 787
639 2029
510 599
639 322
639 2240
1158 889
2575 2576
1592 1593
639 1846
89 98
639 1971
1710 1589
60 62
1287 1291
639 2032
639 2057
200 502
2505 2506
1587 1335
639 2028
816 888
639 2325
1436 131
1287 1504
293 1621
639 24
2547 623
1587 1566
1412 2401
12 13
816 993
639 216
1783 106
1341 1352
1293 1179
2234 1738
639 2318
1109 1107
1044 405
679 2235
56 1539
1412 2424
466 639
510 683
639 1853
56 291
562 563
719 738
160 159
639 2035
639 1894
293 883
567 662
639 1133
639 1858
100 29
639 2256
1434 816
639 2235
169 8
639 1967
701 1423
639 1996
1293 180
1158 2610
816 913
430 1226
639 2245
639 2190
1760 1542
1293 1308
501 1083
14 639
35 1634
1342 1353
1341 1347
377 378
151 45
2369 32
1167 1168
1075 629
816 932
109 328
1704 438
639 1976
1448 1831
691 623
432 1266
816 1002
639 946
567 1161
1340 295
639 2111
260 261
1039 945
154 156
1587 1321
665 666
639 2303
1587 1644
639 2157
639 1008
2248 1668
1293 1313
639 2313
336 318
442 443
639 1943
1412 2470
198 551
293 1612
22 29
1412 2431
1412 2462
816 32
816 1010
1587 1589
293 1605
259 382
538 196
639 1297
639 2227
639 284
639 683
2562 2572
754 1100
711 1746
2457 2508
639 2326
1412 2406
639 1603
639 1876
1542 415
293 1604
639 2288
639 1045
816 928
639 2076
155 2310
1412 2465
1119 7
1495 1496
152 150
2559 2560
719 722
639 2150
816 648
787 394
56 368
639 332
639 1882
1340 1345
151 383
639 175
1736 1737
14 755
639 397
1707 451
150 153
639 2161
639 662
1293 958
293 878
1422 1424
639 2015
816 871
816 629
639 2014
1499 1501
639 1513
639 1864
40 1395
1412 1031
1342 640
1293 1326
8 2540
639 1843
639 1430
1293 310
593 594
1587 1601
1587 1660
639 342
1158 397
1293 1196
816 905
666 1555
1166 1165
1412 1588
1541 1785
1340 1358
2506 2507
1542 331
880 1677
170 623
639 2061
639 2102
109 582
1158 1332
2338 451
293 298
639 588
293 610
432 1252
1412 2475
1293 1322
639 32
639 2147
639 2106
639 1606
639 1149
639 1212
770 639
816 639
293 1611
1412 25
816 918
151 106
639 261
1287 1289
7 1163
13 494
529 519
198 550
639 1385
1412 2434
816 1012
719 734
1689 2371
816 987
639 212
712 2639
816 882
377 385
803 808
639 2168
791 511
461 462
639 132
639 1903
2330 2340
1039 1791
816 979
432 1285
639 1936
666 1303
639 2281
639 156
1235 1715
1735 1736
1288 1289
629 691
2235 1736
1489 1490
516 872
639 2080
1587 878
639 1329
816 1027
639 2081
639 2048
432 1255
701 1424
1587 35
1412 2445
639 2260
639 526
766 639
293 879
1768 1767
149 868
1341 1353
639 1098
1455 277
468 629
432 1277
345 347
1468 1573
488 484
196 803
22 51
1377 1380
681 510
1736 64
149 814
639 1923
1542 1546
1783 383
816 990
1412 1598
639 1761
407 404
639 2058
1174 642
639 2004
616 109
719 285
1165 1301
663 639
567 639
639 102
1577 1578
639 1581
1158 2589
639 713
1448 1830
816 875
44 639
639 1984
639 1981
639 1970
182 183
259 101
1377 1379
639 2156
639 2036
217 1372
293 1589
639 2212
880 1676
22 41
151 1233
1158 2587
432 1269
146 148
1401 1402
1469 639
639 1898
761 754
639 2199
1178 1182
2536 89
1158 881
2374 1122
766 13
639 331
1517 287
816 983
22 44
474 475
639 2311
639 2112
639 2041
387 388
1587 875
1158 2629
1541 382
1412 1611
1409 2500
1713 1711
816 980
494 642
816 997
8 233
1412 2421
1770 390
597 581
639 614
639 1412
816 949
639 2024
1587 1631
318 2384
198 502
639 1965
196 811
10 786
2635 148
1587 1385
1158 2606
1383 1385
1412 2405
293 1625
152 153
572 574
1158 707
639 2186
639 1181
1158 155
639 2073
1195 1200
639 2141
389 390
639 1888
639 1547
639 2159
1587 1646
451 654
1 2
1158 2623
639 1081
1587 31
714 715
639 1847
1405 639
1293 1307
639 1867
639 1975
816 999
1158 2619
2234 2123
639 2181
639 2130
1340 1350
639 1432
816 1021
1158 1034
639 2138
1045 1829
639 1860
816 902
701 1427
1412 975
816 925
816 163
650 624
1741 1680
501 438
516 1465
1587 1643
673 1367
639 2010
1409 31
880 1673
639 2202
639 1957
1563 1564
639 905
549 599
1587 1632
1409 2499
639 1854
684 682
813 538
639 1992
1151 639
56 435
1519 1524
639 2039
1760 1761
103 29
1341 1343
103 105
10 11
816 101
245 623
639 1997
639 1920
1405 1406
293 904
122 754
1293 1333
1587 1639
293 1618
639 368
639 2277
1378 1398
494 1767
1542 1454
816 887
639 1952
758 851
1587 1598
639 1628
2580 2582
705 293
432 1258
1738 2231
1375 1376
1412 2428
588 589
639 980
621 710
639 1293
1587 1659
712 787
629 2339
1374 513
639 2298
639 2194
184 186
581 1668
639 2007
467 468
432 1251
432 1273
61 312
1165 1686
1770 642
1158 891
816 936
639 2166
1736 2231
1116 1118
1075 1076
1587 903
1158 542
1171 542
816 965
726 1412
673 1134
719 727
1842 216
639 2053
639 1184
1293 1323
2635 394
2573 2571
2490 468
639 2011
1341 223
1340 1353
1136 180
2562 2573
155 502
639 1216
1293 1319
816 878
639 1927
639 1564
1158 1588
1412 2452
1404 1406
639 2153
499 293
8 2541
1099 626
293 1601
816 36
639 1885
169 1687
1713 1589
639 2115
639 293
639 1891
1158 2630
639 2069
639 1873
639 292
1286 755
639 1000
259 1554
639 1636
365 366
1412 815
1539 1481
1368 1296
259 1236
75 35
1158 101
639 2291
639 2217
639 2173
639 1318
699 502
1201 1195
1158 933
639 2327
430 575
1412 2430
2562 2571
526 525
2635 976
639 623
639 764
1409 2502
639 2205
1231 1585
1566 1567
679 747
276 1832
1487 1488
1106 1160
639 1423
639 1944
816 158
511 495
639 2289
1445 1446
816 900
1587 1657
1293 1304
548 601
816 963
345 350
761 762
293 1624
684 717
816 945
501 715
2386 196
89 92
816 914
597 1518
22 32
639 1886
1207 1210
1786 382
1412 941
639 104
1158 1613
639 2105
573 572
1293 1332
437 1091
1158 757
639 2101
816 239
1158 1566
2490 2491
1587 1149
1412 2453
1595 1596
1340 1359
175 1690
816 896
168 170
1542 77
1454 538
639 2222
639 2034
690 639
639 2158
1563 1565
639 1902
1341 1351
639 1917
293 1568
145 149
635 1739
1541 331
1293 1295
1158 102
653 295
639 2027
639 459
639 1852
639 2016
639 945
639 2259
639 2331
639 1637
639 1729
714 292
1178 1179
1044 404
40 1396
432 1248
1587 1647
816 879
432 1243
1158 2618
2339 256
1409 29
940 1412
639 1979
1220 1221
639 1586
1412 2324
639 1958
1288 1290
1176 1177
293 42
217 1779
520 519
639 117
639 2079
1412 1657
411 1541
639 2275
1114 1115
639 2077
217 1780
1712 1714
1158 2607
639 1968
639 1977
1178 738
1158 394
1412 1155
57 1223
639 2314
202 203
639 794
430 1225
639 1893
169 754
1587 1167
758 639
1293 1312
816 1023
1412 2449
1393 394
639 1007
639 2253
1412 934
816 1003
1158 239
639 1875
6 492
639 1361
168 169
639 2124
432 1265
1587 1640
1409 1454
1158 2613
1412 2425
639 1991
693 342
639 2064
816 929
816 909
816 934
61 1206
249 589
231 244
1158 1650
501 508
564 565
639 1150
816 922
276 1726
639 1154
639 2137
1158 1603
542 104
293 757
803 193
639 2213
1158 727
1735 1738
245 2546
639 2046
293 1588
816 1033
639 310
1587 1554
1080 639
1581 1584
1412 2393
639 1170
639 2094
149 1361
639 1525
1587 1655
1412 2412
542 677
502 501
1340 1346
433 560
22 26
1158 1877
1412 2437
1412 2419
198 552
590 592
651 624
1341 549
639 2095
2487 903
816 1009
739 528
639 2129
816 972
816 994
639 445
639 2292
639 2243
1736 1738
1412 2464
1158 2415
1412 909
639 149
1197 639
345 348
1342 1348
1158 919
512 513
639 2208
1499 378
106 1577
1178 1183
135 428
516 1813
639 215
663 1155
639 1832
1444 538
1442 1380
791 792
338 502
719 499
639 735
151 331
639 122
1287 1292
1293 1325
519 521
2489 1639
639 1030
1361 437
639 61
639 1632
1412 2440
639 2023
297 484
816 893
639 1180
259 1542
816 958
501 217
8 567
528 529
639 1972
593 419
607 1219
639 2120
1039 106
1445 284
639 101
1412 87
484 489
719 730
89 99
816 976
501 639
154 155
666 1144
1158 254
816 1018
1548 1549
1519 1520
639 2110
1202 1206
639 2266
1342 554
542 292
1140 1142
1342 1346
542 2333
639 2056
1738 64
6 491
639 1500
1697 1698
629 256
639 2005
318 319
639 1907
639 1436
1412 2456
99 122
22 30
639 595
2234 1736
1293 666
407 405
639 1985
1412 1632
1587 1607
1760 101
639 2268
639 2301
865 811
567 1224
432 1262
1158 2621
816 988
293 1619
432 1254
816 954
2248 2515
1587 1629
432 1247
2497 1114
639 907
1758 1726
639 2302
2343 2344
639 1924
639 2049
1158 2584
639 318
816 1026
1158 2596
247 248
639 1963
639 2082
1443 519
639 2261
639 2175
519 502
816 933
866 639
56 1097
1293 1143
432 1268
712 786
2559 2561
501 180
22 36
430 649
639 2155
22 42
1035 538
1201 1081
679 1144
1542 467
639 2197
639 2052
639 1959
639 2068
333 1045
639 2001
406 407
1542 936
1412 2461
1412 2184
1412 557
639 2114
1158 2603
639 1851
740 741
151 259
639 416
13 390
639 1159
501 200
816 960
1786 1235
186 1389
1412 2457
184 185
1342 1357
701 1425
2573 2572
639 1872
1824 639
1587 1319
639 2012
639 2226
688 689
2635 2637
816 872
1214 1741
432 1279
639 1914
719 726
146 149
1145 502
639 2031
293 297
1158 629
754 688
868 139
276 1837
639 798
432 1241
432 1240
639 1656
639 2128
816 35
758 1756
1340 1351
639 2271
1158 976
1710 1712
639 457
1130 1131
509 510
1412 2422
639 2218
151 1547
639 1857
1587 876
639 2244
639 1879
1360 1361
639 2201
1593 1596
816 1000
679 666
739 719
206 207
639 1306
1178 1191
1587 1633
22 39
663 1516
1533 1534
22 31
1158 2593
290 312
1293 1330
52 58
541 76
816 904
639 2276
816 941
1293 1303
639 2299
1158 2622
639 2160
1412 2443
1293 1321
1412 2400
740 666
1117 1118
639 1906
293 1593
699 700
639 2234
494 766
1341 640
293 1609
293 625
293 1204
1409 32
1782 1783
1468 7
639 875
639 1889
1158 2421
293 1606
169 623
816 984
1428 1429
639 2187
1379 1378
816 883
1407 180
1422 36
816 926
1293 1318
103 104
509 768
639 1235
211 1792
639 677
639 2152
639 1953
680 639
639 2149
61 1828
1708 1709
638 639
1099 182
1412 1602
13 1770
1158 2599
294 639
714 716
237 1814
754 1516
1519 1523
639 1937
231 232
684 1175
639 1863
1158 2139
432 1276
639 25
639 1736
1542 383
639 893
1152 639
293 909
245 1526
245 1166
2235 1735
1499 1500
519 522
639 29
639 2319
293 1628
432 1282
639 685
639 554
451 653
1587 1638
1390 1392
201 1749
7 8
639 2038
1412 2429
639 382
1412 2409
293 1614
639 1921
1200 1706
103 106
1412 2414
639 2165
291 1472
542 1150
155 2123
1039 382
639 904
1527 1528
1412 1978
2635 907
1412 354
567 622
1143 1302
1587 925
639 57
1075 1078
1181 1203
639 1933
639 2322
1220 1222
1200 1201
816 897
639 1930
1394 1396
499 500
639 2307
1293 1298
880 1680
62 1206
1412 2397
1116 1119
639 1897
719 736
816 910
432 433
880 1679
1412 891
100 101
816 812
181 183
1178 1187
1341 340
639 2063
639 509
766 642
1412 563
291 1539
338 339
639 2252
639 2109
1577 567
2635 2640
484 485
1412 2396
150 151
663 754
293 132
1293 1181
639 1592
1404 639
22 45
1447 1448
816 981
454 1735
211 212
501 622
57 1803
639 2172
439 440
149 148
639 1365
639 1890
639 1966
712 1703
880 1681
639 2074
2489 371
662 1106
1409 2503
76 101
501 1084
1412 1331
60 61
639 42
639 411
639 1982
639 518
639 2231
639 2045
639 2042
509 2334
639 2140
663 664
1287 1288
639 2060
1116 29
1147 639
440 441
293 629
1412 2474
639 2237
639 2026
1165 170
639 2131
2234 679
1731 120
1368 1370
1158 2625
1158 35
639 1171
1158 2614
639 1607
639 925
1206 597
639 2123
719 735
501 1372
639 2146
2338 627
816 950
1412 709
639 1722
816 1015
1412 2468
639 1940
639 1384
1075 1004
639 73
437 1090
639 2221
639 2265
639 1928
639 504
816 903
583 560
2498 542
816 938
639 1844
1720 1388
816 948
1340 640
1571 2391
293 1598
1075 1077
89 96
241 254
1587 610
2234 1735
639 222
639 2085
1340 549
1587 1599
2231 2351
1412 1636
639 105
639 1162
639 2178
1412 1622
411 331
14 92
567 1702
2635 2267
654 295
1760 151
629 627
639 1641
816 937
1137 1138
1178 1190
1178 1081
1412 2444
494 495
639 31
1587 906
1293 1317
22 50
639 2091
816 966
1587 1605
1158 1423
76 1542
719 725
2635 1425
639 257
816 991
1699 1448
1506 1507
639 1899
432 1275
432 1250
556 529
276 404
1079 2578
639 1955
639 1317
432 1249
639 1892
1202 1205
639 1172
65 1481
293 41
290 213
1158 2608
1158 1184
1412 258
639 2117
639 512
35 76
639 2247
591 104
27 698
639 1969
1235 151
1341 554
1429 639
1587 1636
816 1022
811 1040
1116 287
1394 1398
501 1081
183 2384
293 1599
2340 623
1803 314
1117 1119
639 626
509 1229
1340 736
639 1207
62 61
1412 1197
639 2300
502 180
696 85
816 1004
1412 2038
639 1783
597 102
1293 1140
293 1602
1381 1382
1412 2426
639 1978
639 2192
639 1298
1235 101
2527 1480
639 691
639 1994
1587 1641
2583 2529
523 502
1158 2585
639 2047
639 2143
639 2279
816 923
509 675
639 2087
639 2315
366 1445
639 1753
663 132
639 1638
293 906
1431 639
1412 1638
1342 642
639 442
567 169
516 2139
1165 639
1293 943
1042 1040
1412 1609
1468 287
1412 285
295 639
639 1866
519 220
1158 2423
170 8
466 1448
432 1283
639 139
1039 1543
639 471
198 553
1430 1429
566 567
22 27
65 66
1225 1226
1158 2616
639 1309
89 93
514 1169
717 639
1293 1305
639 1621
816 901
1132 1131
639 2078
639 2176
816 944
1412 1642
1445 2337
1703 716
411 383
1158 2617
639 948
293 1597
1341 295
1342 1349
22 33
1557 1558
1158 870
639 1912
639 1169
639 2104
1770 494
542 1149
639 2233
639 2163
121 120
639 2100
1293 1329
1587 1651
639 2258
639 2330
639 1901
639 519
432 1272
816 968
195 502
1412 2433
1340 1347
345 351
816 352
639 2225
293 1610
432 1264
6 493
293 494
1140 502
1786 383
639 1880
1412 2208
1422 35
639 2017
816 876
639 1989
639 2332
1107 1108
276 1835
1412 2472
816 935
1736 1098
337 1525
259 1541
816 884
719 731
816 1029
514 1470
251 639
639 1947
639 1919
666 1143
184 187
786 237
1288 1292
816 371
1383 1384
1117 1120
18 19
1293 1320
1174 682
1178 1184
639 2059
639 2267
1158 2600
1562 639
1412 2477
639 2171
816 538
22 40
639 1910
1786 1785
1571 1572
670 639
2231 2350
259 411
1107 212
1293 29
639 1986
1713 1714
1666 382
501 1135
719 732
639 2287
752 753
816 989
1235 1554
538 529
1342 1347
1413 1414
406 405
2508 2509
1587 1606
639 908
639 2269
639 2274
639 2321
432 1246
1542 106
719 729
1158 2620
1205 1206
37 68
1412 1212
639 1763
1158 774
639 2182
1431 1429
1412 2450
76 337
639 1925
816 977
639 2238
1106 1107
1539 1312
1542 1544
1842 1736
1412 2479
546 547
712 713
1075 29
2580 2581
816 973
635 1225
816 906
1412 2404
639 1733
639 1001
432 1263
175 451
1341 1355
719 721
639 2022
761 514
816 955
639 2127
746 747
1498 56
639 765
1554 666
639 2214
1200 1180
89 90
293 977
155 1735
639 2242
639 2251
816 1034
639 2184
1293 1297
639 1935
571 572
383 639
1738 1098
1412 2448
639 2096
816 961
1412 876
1293 1331
1339 511
1390 1166
494 1769
684 685
639 35
701 36
639 1148
1207 443
816 959
2188 2634
639 2002
639 2309
639 1848
639 719
742 740
293 1627
1842 445
1368 1369
567 691
1587 922
639 1633
293 541
639 2249
639 2006
816 915
1146 790
1368 1179
183 318
598 599
390 640
435 639
816 890
1412 2436
1412 2423
1140 1141
2527 2528
752 1176
2376 1165
1407 1410
1577 1119
639 2200
2364 2481
575 256
276 639
816 894
639 100
622 691
289 290
670 671
1341 1354
259 106
816 995
754 538
639 1337
1412 625
639 2050
293 1620
816 911
639 1612
639 888
434 435
1409 903
1587 1648
639 2092
1158 2592
639 1578
293 1594
816 1001
1412 1319
1412 2442
761 639
816 985
2382 6
1409 639
1542 1456
796 639
639 1634
1099 593
639 1973
1412 936
639 2148
639 2025
816 927
639 1542
1158 2598
1158 2612
1422 1423
1412 2395
1581 1582
1587 1311
1293 1300
682 751
639 678
1158 1212
1378 1396
639 2108
639 2209
652 624
639 2219
293 597
639 2280
1139 540
639 2009
1412 1079
639 1862
128 101
487 484
639 1995
639 2316
791 793
714 629
1412 23
1441 1378
639 1913
686 687
2635 2252
719 724
1178 1188
1587 931
293 302
22 37
1412 2107
1760 1554
639 1934
1412 953
2579 627
1442 1378
437 1097
639 1922
1412 2403
1412 2408
639 786
516 104
639 1948
639 2070
1163 639
639 1158
1158 2395
639 2067
639 2196
1158 1318
151 48
1235 1541
1412 608
639 2051
639 1871
186 1388
432 1271
2378 2379
753 1344
2562 2570
639 1916
1117 29
1158 922
1293 1316
639 1313
539 624
1158 1399
1412 1648
1158 2604
1710 1711
758 1757
2330 554
1712 1711
679 1736
13 642
2574 616
639 1859
639 290
816 332
639 1850
1094 1095
151 394
816 930
1340 340
639 1845
712 14
1587 1568
1293 1309
639 1896
1412 2454
1412 2460
180 673
496 497
639 1869
1587 397
1362 577
639 1954
679 1143
1286 639
1412 912
1587 1645
1412 397
866 867
276 1836
639 1188
816 951
1178 1192
1735 2231
816 24
1468 567
769 639
1158 713
2635 973
639 1883
432 1242
816 940
701 1311
639 1414
1409 902
276 1617
22 34
276 1839
639 2293
259 76
639 2320
639 2270
1481 1312
639 1878
639 1856
1364 1365
701 666
639 1945
639 621
639 535
557 558
1039 1789
1195 443
639 2220
1412 1855
639 2255
293 1607
1412 2473
816 939
816 1017
1412 1656
639 2230
561 549
89 94
639 976
639 2145
639 155
639 2083
639 1331
1158 956
432 1257
1412 905
639 2262
22 38
1412 2432
639 499
789 46
639 2119
1342 1343
293 931
1409 922
639 1461
670 672
1477 1478
151 467
259 1234
432 560
816 1014
2374 1898
2635 2638
639 2188
89 97
639 2283
1363 540
639 497
639 528
509 10
670 629
419 280
639 2164
639 2086
2562 2569
431 432
880 635
2 1238
1519 1521
1587 105
1293 1328
639 258
163 162
1489 1492
1412 2447
1412 1885
816 880
1175 682
1412 1623
134 1429
639 1482
816 967
1368 738
639 1938
639 2122
710 639
1341 1358
1158 2626
1412 2467
1587 1637
1409 1311
1390 1391
639 2132
816 1025
639 2179
37 65
588 648
639 2229
690 666
1842 56
639 682
1340 1343
100 102
653 654
293 1613
639 2099
1542 973
639 2284
1178 1180
691 1573
76 502
1293 132
195 365
639 2305
542 1145
1569 1570
639 80
620 621
22 46
1711 1714
639 1765
1156 615
639 56
567 1162
181 182
1394 1395
220 221
1412 2415
1158 513
639 2193
639 2210
1293 904
639 2154
2488 1549
1412 1226
2576 127
639 2306
719 737
511 589
816 1006
816 1030
293 1587
394 639
701 1426
639 2323
816 898
639 715
296 293
639 2071
639 1554
411 1235
1341 1349
1075 1079
1842 61
1693 1694
276 1840
2391 2392
1411 404
1342 340
1412 2427
510 685
880 1682
639 2055
1165 169
245 246
37 1481
432 1278
639 2043
639 1221
169 180
757 10
639 2030
445 193
639 1960
175 627
1712 1589
668 639
794 405
22 43
816 947
629 1162
1131 1503
1156 1157
293 877