257 1451
669 936
46 2642
453 1966
932 752
107 1444
334 1493
453 3838
394 3700
32 1568
453 2152
453 3840
257 1501
719 720
1105 1108
154 2697
1526 1049
1281 1070
67 723
1672 668
15 1513
257 1351
101 32
334 880
1281 2733
14 34
1718 211
3133 3793
453 832
453 1199
98 298
479 461
334 462
15 3880
154 1446
1719 598
15 3919
15 337
1393 101
107 1470
1523 535
453 4023
453 2855
334 1613
453 473
15 486
257 2730
868 412
154 1542
453 787
1719 1721
1281 1157
2633 1689
650 2557
154 2215
1281 3860
453 3353
453 3014
6 45
250 550
876 2862
394 101
2530 2562
334 3911
15 746
402 383
124 655
334 3992
1281 1506
2692 1436
1672 943
581 197
1424 266
2678 1679
15 2638
513 462
2530 2547
453 458
334 1289
1414 1453
1281 3845
1753 219
779 1111
334 825
2530 2593
1054 1342
1281 1473
650 821
329 925
453 3927
655 309
650 2634
334 1513
332 394
137 969
136 967
2530 1046
932 1677
453 4009
2 585
101 635
334 2504
956 1580
334 2589
334 3897
340 537
1547 1548
15 3901
23 556
1414 337
3711 390
453 3958
453 3850
3770 1131
453 3774
154 421
2383 664
334 152
100 1424
2633 2569
1111 1116
334 3816
197 1342
453 3167
1672 751
704 711
288 450
3711 3089
334 2726
334 2644
2530 1608
107 2002
334 158
334 987
107 947
650 2661
46 81
394 1574
532 1638
6 994
1281 703
453 4018
257 536
453 3995
15 1451
23 2675
286 696
1672 919
453 1634
453 605
334 2599
154 882
15 1686
1110 1107
613 1909
15 2643
453 3964
334 3939
668 1705
394 1965
334 1087
1281 1373
613 1973
453 1490
453 2669
334 3890
792 798
668 758
496 1124
1281 1616
1037 1104
257 1047
346 459
107 1972
257 1086
334 174
810 766
257 2694
48 634
525 1904
124 142
1437 1282
932 1693
334 1357
453 3994
3711 1373
2530 2607
257 2
394 1599
136 176
793 798
668 1689
15 3203
1281 2632
334 1954
1719 346
334 1299
2633 2093
453 2146
428 1238
811 3675
2248 866
257 2512
1055 1434
1281 2452
82 273
1618 2495
453 2491
453 1974
154 1513
154 3089
15 1080
274 298
15 2103
15 53
932 604
595 2493
334 3928
84 700
650 1685
453 1682
334 2438
334 267
75 497
1112 1113
154 1086
2530 2553
1281 2600
453 2001
15 3927
861 394
2455 435
1444 1500
257 1956
549 620
668 988
2530 1289
2530 2612
453 2717
334 515
90 467
15 418
453 3986
1281 1689
15 343
453 1911
453 2715
334 3061
15 1376
453 1543
453 2165
39 910
15 3831
154 963
153 1394
688 687
453 273
3711 2693
798 796
496 2412
334 1682
394 2653
375 964
334 1006
453 3893
15 604
3711 1507
1281 3044
2530 626
453 2617
443 2463
334 1254
334 1393
346 941
444 728
15 2539
257 1984
57 175
668 918
79 2870
453 3977
334 3766
460 985
650 2510
15 362
334 1165
257 2346
334 2539
1054 1625
1281 1006
1281 164
453 3855
334 1622
2530 2594
15 3855
453 3307
15 2364
15 3699
2530 1380
154 2632
1414 1042
453 1594
46 475
334 109
86 87
671 952
14 84
2530 821
3711 674
453 1569
309 108
460 2284
226 243
1281 1484
279 370
39 977
453 3390
453 2153
15 2651
1281 2279
453 184
334 1988
1281 605
46 2874
1281 1467
843 177
779 1106
107 1993
602 41
2530 2582
1281 516
394 2220
1891 201
107 988
1444 1510
137 1631
1281 2697
734 368
868 870
802 805
453 2781
197 3
2530 685
1101 1108
22 23
3711 1042
52 2447
2633 2612
2633 2643
3711 1511
1271 1890
650 2552
453 3696
257 1603
5 46
1281 1965
15 3856
669 1678
2678 914
453 3933
3711 1492
39 980
73 465
2530 591
1054 858
1281 1462
1281 2637
650 1542
453 1932
1037 1103
669 927
15 864
2633 2279
154 1503
1444 1459
232 1725
3711 2632
810 66
453 1605
453 71
163 3772
453 2600
694 1665
334 2631
2633 2611
1064 187
453 2698
154 2875
15 1911
15 1445
536 623
1281 344
107 783
3711 1484
2633 52
197 3768
15 1224
565 980
435 482
1281 1600
334 337
434 502
1414 1479
1281 1450
15 1360
453 3116
689 410
286 1431
1717 329
600 972
1718 330
1281 1446
601 356
1414 3777
932 922
394 6
15 1690
2447 1680
453 1984
257 1868
257 1702
140 870
932 1694
334 3958
19 1599
453 3818
15 3036
668 1680
453 2584
1281 3813
394 3627
1281 1542
334 311
257 1287
453 2566
542 765
334 3704
334 1489
453 698
2493 576
1414 3779
334 4040
843 73
453 3385
16 11
453 1289
334 1480
1199 1343
173 536
561 628
1281 1452
1281 613
107 1467
453 4029
154 1373
107 1422
3711 1656
334 3091
1055 560
453 481
181 7
1281 2098
1190 986
334 2643
143 165
1890 1202
2383 858
394 3706
307 3736
286 1305
107 1501
257 1475
605 1326
1043 1045
668 459
536 679
12 1414
15 3872
1672 921
1414 1501
2518 2463
154 2626
107 1394
2876 1140
286 216
107 1447
2530 953
839 177
453 838
375 368
1281 2685
1413 2693
1444 950
496 416
334 613
79 666
257 1469
1444 1448
949 208
453 676
2530 1116
790 789
15 1995
334 3124
3711 1451
496 2247
154 3719
453 2632
2530 963
288 514
257 209
3711 3080
286 1572
1281 1457
15 3679
1816 137
309 114
2530 2589
3711 1601
3711 2364
1281 1424
453 1743
15 851
3711 1956
453 2513
334 443
334 1562
107 1515
154 1481
79 2868
334 789
1190 515
496 2232
394 615
257 1688
453 3970
1281 2641
453 758
223 47
15 2011
706 707
154 402
2530 1394
1618 1501
2 849
1081 652
257 223
334 226
2678 459
1444 1474
15 1964
334 897
596 840
15 2312
2633 1299
1281 1487
15 858
1281 2137
1054 1270
453 1691
15 1470
15 3715
1122 490
453 3957
2217 2511
334 1542
453 1515
790 791
12 3728
1718 934
1281 1234
1538 199
1190 998
932 1686
410 549
107 767
453 2953
1190 46
334 2512
257 772
3711 1345
583 916
1672 345
132 734
394 32
649 650
453 3801
175 997
334 1594
932 1715
15 551
346 914
719 728
453 1375
3770 664
453 3096
1414 281
334 781
329 753
257 2709
109 768
2383 1131
3711 1346
1050 1055
257 1235
676 677
1643 539
136 970
1281 3832
613 1443
669 926
496 1647
453 1919
334 4070
140 128
334 2663
334 551
128 141
1069 1070
15 328
15 964
334 1348
286 969
3711 2703
658 657
453 627
25 204
453 48
1054 2388
15 3881
2399 129
1105 1103
453 4041
5 281
650 781
154 418
1281 455
15 439
453 3892
334 1325
334 2658
136 336
1281 1513
488 661
453 2644
965 370
334 3999
257 1209
257 787
107 1489
2530 2387
1647 1646
588 400
453 3899
15 112
453 198
46 48
453 3744
453 1461
154 1450
137 1638
671 84
1414 890
2633 1701
2530 324
453 1479
1281 999
394 627
82 298
334 1478
15 1503
669 943
1044 1204
25 443
2530 1671
1281 2877
319 1146
107 990
2530 2625
453 3069
2678 850
1871 776
136 532
453 761
329 926
3711 1477
3770 441
329 918
15 1477
1281 832
650 950
334 1824
15 1487
645 660
2633 2649
453 2026
15 487
2530 2569
334 473
334 3918
177 232
154 2907
346 945
1281 193
52 1190
15 3911
2530 1224
288 490
15 508
3711 1536
15 1512
1717 751
2678 1514
257 2152
932 758
334 826
1281 1358
334 3849
107 1477
613 84
759 329
257 2684
334 3945
453 3773
1281 1974
613 1964
334 3848
1719 927
453 3062
453 1484
334 1412
453 3101
2530 254
453 2672
286 1601
334 3934
15 1346
334 3842
124 309
15 1536
453 1684
154 1474
334 4016
1626 1627
620 1051
2530 200
15 2002
453 3841
453 3693
154 1502
1281 3841
706 618
1281 2706
81 814
453 20
1281 1563
492 1199
2530 1699
257 2728
257 1467
2399 538
334 4060
15 1978
1281 858
669 1683
490 733
1054 2383
453 1562
373 320
1281 2786
5 19
257 1452
1152 560
107 1482
668 927
453 2448
15 2637
2633 2634
1054 664
2530 2575
453 388
154 420
334 1993
334 146
15 1943
1871 418
1622 1642
257 580
334 1572
334 4015
394 3696
137 138
1281 3829
233 1064
107 1455
154 3711
521 1085
827 910
453 52
434 2455
46 570
496 2420
453 2449
2678 920
638 640
453 2612
334 2807
286 964
1054 2390
668 1693
453 1868
1281 183
15 789
932 988
2530 576
704 706
453 1087
548 742
154 1455
3133 3792
650 2633
1719 943
453 1464
15 1480
453 2007
107 1508
2530 137
1281 3181
1672 830
453 413
334 3889
910 65
532 1640
2248 1131
107 2003
668 330
15 652
1717 998
496 1292
1955 1957
15 1001
334 1469
624 88
453 3754
334 3831
15 3693
453 1995
334 239
453 1283
3711 2956
334 153
705 171
669 211
453 2724
334 1086
33 127
334 2701
1281 787
453 1563
1444 418
453 2293
257 2704
15 756
1281 3810
101 462
453 3959
932 162
2530 2592
668 1704
453 2731
453 2009
799 801
620 550
334 529
779 1112
162 669
46 512
2530 34
1281 3861
1281 1784
334 3898
650 2662
453 160
844 954
525 1740
496 913
1110 1106
453 2689
257 1337
744 745
329 924
154 3616
32 761
334 1121
334 1514
531 2475
334 2552
279 499
1281 1508
650 1373
334 2727
334 3815
257 2722
15 890
15 1496
1281 2020
453 788
453 3902
251 951
334 4073
453 2598
286 1419
15 3887
334 1315
334 3747
2530 1701
1281 1477
932 934
596 73
15 3701
185 302
3711 2718
668 1669
15 1607
267 138
511 208
650 2650
453 262
202 34
827 909
154 1499
176 841
1718 668
2530 2577
914 1349
2248 2383
15 1656
327 115
334 2900
334 254
496 1797
453 3963
453 1949
793 797
668 757
15 1047
1871 890
394 1573
46 109
453 3411
2530 2216
613 1974
453 2120
453 1635
166 190
668 1061
1281 2649
182 434
48 104
668 669
15 3902
453 3980
453 275
15 183
2530 2624
453 562
334 3154
1618 1493
257 1416
2447 1362
1093 14
394 3066
334 1492
32 515
1414 2717
2 163
15 2055
453 1610
950 489
334 546
15 3877
334 3340
334 1642
843 841
721 681
2530 441
334 2026
15 3899
334 674
15 2946
257 2478
22 556
176 191
679 195
453 459
334 3964
453 1418
2530 1870
2530 494
154 3080
286 189
46 590
3711 1326
334 1710
334 1080
3711 1493
107 1337
453 1228
334 2452
395 396
73 842
231 1599
40 41
669 1706
453 3915
1270 1625
453 2557
354 86
257 357
496 2413
334 2011
453 311
1414 1506
3711 1476
453 2894
15 2704
668 1212
2530 515
444 445
394 331
1545 700
668 939
668 935
1281 420
1281 1760
453 4022
15 578
15 1699
15 2230
2530 193
2530 2540
334 3651
176 596
565 602
734 886
2530 1037
453 1304
334 150
15 1062
334 1445
346 946
334 1989
1444 1463
453 667
257 1611
67 722
1281 2498
334 1503
306 222
22 979
1018 14
2530 2583
1281 2708
329 604
3559 1430
394 3697
394 1183
15 11
435 180
1670 2627
1718 345
650 1704
650 1684
154 1357
532 1630
453 3907
107 1990
178 503
257 456
15 863
1444 1480
2530 2448
1414 420
2530 437
334 2630
46 1019
2347 1073
2530 2093
2383 2387
3711 357
453 3932
650 1046
1281 1481
334 2152
257 2007
2633 2655
334 3938
2383 1297
2678 922
1281 1468
596 839
257 2215
1444 516
444 721
329 669
1281 2626
107 1965
345 459
334 1853
669 924
360 735
669 1697
2633 2284
985 201
650 2622
1672 1683
700 643
48 178
15 1446
1444 420
1378 97
669 1679
334 3982
15 1571
2678 1686
2336 3798
668 1681
334 3699
453 4035
779 1109
15 1127
795 798
2461 2
1672 1717
1414 1347
2633 2642
1281 1474
453 1348
394 2451
932 345
650 2640
802 804
257 2695
453 675
49 104
453 1415
334 1882
192 177
453 1183
453 2701
334 761
1672 923
1083 1082
1718 329
453 825
1267 1202
1101 1105
453 2695
329 919
3711 420
2530 703
669 1672
532 1641
15 3815
1444 1487
334 2444
15 1456
891 893
1281 1177
453 613
650 1741
334 2120
286 357
387 193
37 976
58 59
1444 1477
1281 1416
1649 98
521 959
932 1061
453 3865
596 177
107 1517
453 1977
3800 3432
565 979
2530 2534
394 193
453 634
408 81
2530 2611
345 942
1281 790
179 128
932 753
706 449
1826 750
394 1190
453 2721
2530 2552
107 1460
3711 2348
334 3891
453 3996
334 266
3711 1465
532 970
161 462
496 2433
1444 1475
932 598
334 4046
453 2716
492 1275
334 1481
3711 1514
257 1627
15 1331
34 439
530 2463
453 1451
154 1460
467 31
3711 3719
2746 868
375 963
334 1124
394 969
375 115
334 1709
453 3949
453 3632
453 3939
1871 420
1414 162
453 2714
668 830
346 942
650 1709
453 1353
1622 1613
140 734
1414 266
334 3937
453 3894
453 3812
257 1224
532 1572
7 427
1871 1042
843 192
620 1052
15 1235
669 751
453 2618
453 1920
453 1542
3711 1450
137 966
61 316
932 830
334 2605
453 2220
251 2874
650 1971
1281 1572
669 1713
1871 1469
394 1378
83 590
154 964
2530 263
334 3713
735 233
453 2002
15 1504
492 1137
453 755
15 3922
2633 2584
453 3107
682 1022
15 3882
154 1348
137 1630
2530 2609
257 1689
453 3154
232 658
2678 1443
154 3718
2530 964
453 1690
154 1482
656 309
154 1480
2248 1624
650 2340
496 1832
932 1060
897 898
656 142
334 2513
2447 1565
3711 3721
1444 1346
613 988
257 2710
154 1464
334 3840
3711 1352
704 445
453 2655
1281 2532
650 2667
334 2733
176 842
15 267
2248 1625
2530 1115
334 4068
257 2727
2633 1087
15 1478
15 703
2530 1963
1281 3816
1281 2540
453 1514
334 410
46 253
334 2646
107 1514
1618 1470
107 1471
2530 2622
329 756
15 3716
2633 510
154 1496
394 847
220 256
2530 1386
12 3729
1281 2449
705 445
496 1934
15 2063
286 1609
1281 506
453 1165
613 1444
46 336
1281 401
453 3835
453 364
334 1379
778 1523
15 223
1637 1572
1718 998
109 197
533 969
2530 1003
453 4042
453 3857
257 183
154 1487
2530 2630
1281 456
334 3281
57 290
1281 2702
2530 2602
107 281
1110 1104
932 923
453 2734
107 1456
2747 868
1281 1997
334 1287
453 1831
600 973
334 3959
533 513
327 368
2530 2568
52 159
1871 1962
1631 413
334 3883
3711 1050
257 1476
650 2637
453 1623
107 2004
453 456
334 1748
453 1994
15 3873
334 1506
453 2641
334 2662
286 1571
84 287
453 3745
453 2137
2383 2386
2678 604
2633 988
1955 908
68 34
2633 2641
334 3944
334 2657
1281 1745
334 3613
15 3768
257 674
1718 459
1111 1112
453 4017
2530 2548
527 890
521 1084
453 174
334 2137
315 129
2678 1060
453 2662
3711 1362
668 919
346 920
334 1451
90 635
1281 3080
257 1286
1281 1451
15 1674
2633 146
900 1254
334 1691
3 178
600 601
257 390
15 3365
1414 3778
669 818
453 3462
453 1709
15 1467
107 1446
334 1111
257 1473
257 1499
561 629
453 3847
453 3820
441 866
2519 2463
453 2671
2 498
137 1639
1281 3636
334 2787
394 3147
2530 2561
334 4041
32 1523
496 1420
1719 830
1281 1359
1055 1288
650 969
6 195
15 3842
1281 633
1673 1675
329 330
1281 1977
1281 1608
1414 1478
303 535
107 1468
2530 709
453 1856
334 1422
15 61
15 3113
453 1685
1281 3844
1281 882
932 1371
444 572
453 3942
15 2732
532 1635
197 2546
2530 1106
329 598
795 799
267 863
1281 1342
801 792
792 797
650 2673
542 868
334 4072
257 1345
329 345
15 1347
955 203
657 84
453 504
394 2557
1414 2206
1281 3826
334 1522
287 671
932 1703
1539 163
334 3847
107 1509
15 1068
797 796
286 963
650 2450
1718 932
15 1111
334 1470
1281 2525
453 3715
453 4028
453 1570
15 2649
334 4057
50 242
97 635
533 1572
408 228
107 1680
1281 3840
1111 1103
605 880
334 2669
2633 2635
1190 1564
668 1694
257 1468
1281 2302
107 1491
334 4061
15 2001
334 3137
154 1458
453 3041
1281 1742
329 934
2633 2648
31 90
2530 163
1424 512
453 1630
3711 1287
15 3890
453 329
1281 1956
453 969
394 3689
334 1571
1281 1605
730 445
453 650
1414 2476
15 2705
3770 2386
3711 1235
453 962
132 133
495 231
453 88
2530 2362
3711 1506
496 2421
704 461
453 146
650 267
1281 801
932 1687
3711 2698
1281 182
197 959
453 1499
1281 1465
15 850
334 4048
180 179
2530 2597
6 679
32 1513
66 245
15 1281
1270 1624
1054 2391
31 1523
334 3876
334 3841
346 573
453 2103
453 111
669 930
334 513
2530 2541
15 1970
15 545
1444 1511
303 394
196 323
334 456
257 1352
40 979
669 718
257 2715
15 899
2530 544
1281 2727
453 3976
453 379
547 548
2530 85
512 413
15 3857
453 709
453 3830
918 2463
1190 1285
453 2623
334 3976
322 402
1281 3835
1105 1109
453 1104
154 3690
422 201
1672 929
453 1975
158 254
394 1350
394 1791
669 1707
1444 633
15 3910
723 724
453 863
334 2093
15 1117
816 539
194 129
334 188
1069 1071
12 822
453 1582
334 1175
602 974
67 817
394 2717
2447 2449
334 2592
334 1203
257 1543
15 3912
1672 756
334 580
334 3828
1054 441
334 3993
1444 1452
453 394
158 1171
334 614
137 413
2633 1691
1054 866
1955 1963
823 2463
334 2586
3711 1487
334 370
114 108
15 2626
107 1478
334 3899
334 1543
810 805
334 3773
321 359
334 947
453 1483
1379 576
1037 1105
654 656
394 2501
2530 2451
601 974
1672 410
162 330
334 3917
1626 1628
15 2559
3770 866
334 2581
2530 2576
182 435
52 2217
334 560
286 1602
2530 1047
1281 3868
453 1675
15 3878
453 3842
704 448
394 1981
15 1342
15 3725
334 1337
334 1561
346 598
1081 515
15 1234
453 53
394 2617
1718 604
136 100
453 1527
2530 1861
453 346
334 121
1281 2026
107 1986
334 512
650 200
610 899
15 3886
509 794
1112 1103
190 73
650 2306
1281 3834
601 973
334 890
40 978
1281 2593
532 971
453 519
257 2644
2633 680
2530 699
107 1461
527 390
394 1517
334 1447
90 101
1281 1127
779 1108
3083 3708
2530 2574
2498 2499
1719 410
15 3137
15 3322
334 2559
394 55
11 469
334 767
453 1203
107 1498
845 846
669 941
334 1609
3711 3616
334 3714
327 84
669 757
565 978
2530 1104
1717 330
3711 1464
453 2028
15 2724
257 2637
669 918
492 1152
453 235
15 3925
334 2089
15 2703
2447 1805
896 898
650 651
351 350
15 1566
2633 362
46 3470
334 481
2530 189
654 114
334 1376
15 682
613 670
453 1450
1281 1482
1190 1561
490 883
810 804
2530 2551
257 1127
267 959
15 3771
286 1612
453 3938
453 674
226 245
1963 1957
334 1002
334 1536
1281 969
1093 233
15 1453
778 2217
673 674
453 3975
453 1352
276 623
453 3694
346 943
668 345
15 2713
154 1515
1281 2227
453 1680
15 1495
476 694
453 1564
453 1258
154 674
2530 516
334 3029
267 201
334 2946
257 2146
257 2649
257 2720
334 2198
3711 959
1281 2627
334 665
3711 761
1414 1494
15 1422
100 532
453 2693
635 536
565 1952
2678 918
1116 1115
668 1087
453 2696
1955 1959
1281 1684
321 910
95 769
453 2214
3711 3718
15 1570
1444 1453
1414 1346
1281 3855
1199 560
779 1104
325 762
525 2543
1281 1469
496 2288
407 129
730 720
453 2622
329 668
453 4006
1718 1679
450 7
393 9
15 1443
1725 705
1719 604
536 195
22 558
2530 1222
453 3249
154 761
1281 3871
334 1234
650 1563
136 512
279 995
334 189
334 4065
599 129
453 2599
181 434
496 2229
453 824
453 1967
334 3717
15 3072
107 1507
802 803
2530 364
705 709
605 1503
15 1362
475 1663
719 709
3775 901
949 207
334 1680
90 234
166 950
2248 2388
1281 2825
334 2638
24 654
107 1964
453 3931
37 975
932 1714
375 543
2530 2615
154 1501
862 861
2530 1111
1718 1722
650 2641
97 257
453 1290
1281 1499
668 1686
532 1636
334 838
453 312
453 830
15 1285
1281 2389
1281 1569
15 3903
533 821
496 1781
453 3340
22 911
1271 1267
1111 1113
15 512
2530 949
22 910
669 1712
334 3795
2530 2588
526 2
668 756
453 3433
453 420
334 1362
1672 998
453 4024
453 2338
334 2230
650 260
334 1956
334 1732
922 2463
15 3757
250 1050
1672 1720
453 1098
15 594
15 2388
15 3876
2447 1710
257 2626
1028 1590
334 3809
795 797
453 992
334 3632
1281 1111
2633 2638
1281 2803
496 2442
220 320
1718 1712
453 3997
614 615
334 1743
3133 3791
1718 1683
15 1351
334 1919
15 231
334 2574
1442 724
889 539
571 573
257 1480
334 1083
1414 1489
107 420
334 453
2530 492
496 2434
453 1573
2530 1036
334 1701
1055 2382
453 1446
334 3021
334 2730
650 2000
334 4062
107 1480
453 986
334 3936
453 724
107 1476
15 2120
453 1602
636 181
334 2001
154 1494
1414 880
453 3851
605 1224
334 3902
1199 1341
334 4047
453 2091
532 966
453 1565
15 2840
15 1497
39 975
107 1503
1091 320
650 2656
453 415
140 179
1719 924
325 326
107 1568
530 439
453 2593
453 2512
1871 1358
453 3946
154 2495
394 66
334 2707
154 2103
334 3864
1281 736
15 1688
394 3687
15 1087
334 3846
334 1997
286 1209
1871 959
334 200
369 490
453 3592
154 1362
320 326
2633 552
1037 1110
453 4002
453 921
3711 1337
1826 962
3711 1453
453 2907
334 2396
694 327
334 172
334 4077
1281 3744
491 34
2530 714
2447 1566
453 3966
2530 664
39 565
453 1047
257 2706
453 3809
15 1610
334 3961
54 952
532 201
15 1562
154 1416
107 1988
2530 2591
1281 1507
1281 3774
32 1574
154 1351
565 669
34 67
2530 2606
667 692
453 1835
1444 1450
257 965
1281 1656
257 832
792 794
2530 1451
561 57
453 1572
334 3966
152 489
1281 705
15 1606
1428 917
668 1703
531 2025
32 31
453 2642
671 327
496 2410
286 222
1190 183
2530 1650
15 1042
2633 2060
408 620
394 3702
329 211
453 2924
496 2194
1871 1450
453 1373
334 2310
932 927
1719 946
1672 1718
392 143
2 381
166 1364
932 1678
910 911
334 2046
346 928
331 332
334 2627
4 57
334 160
453 3990
15 1702
175 289
668 934
49 69
334 1511
15 1604
613 1975
613 1969
453 3700
453 1234
596 106
32 783
15 1857
453 1803
453 1632
1281 1471
453 819
453 539
2530 893
453 1423
453 1299
257 1690
668 1696
334 2661
257 539
652 327
2530 2535
334 1570
1281 1836
453 2885
453 513
394 848
1719 459
2530 2385
1207 376
793 794
2530 2559
802 810
605 1512
46 154
15 1475
2530 417
505 46
2530 486
2447 2448
453 2629
2530 2567
107 1487
453 1503
257 46
257 964
1281 3820
1281 3752
15 1482
1281 3072
682 732
1190 985
15 3913
32 1571
424 179
453 779
334 950
1281 1064
704 878
394 3621
1281 1512
941 2463
1385 1386
932 942
394 538
257 2693
453 2663
2678 1513
15 2698
2633 2451
257 1446
564 566
453 2154
2383 2389
334 2383
453 2649
453 63
39 1952
650 2670
3711 223
613 281
453 421
334 2748
334 676
286 953
2530 302
453 281
257 2716
668 1700
453 3940
257 578
320 331
2678 934
1281 1472
453 3929
286 1600
705 719
3711 1127
225 369
236 778
453 3984
1414 1449
15 1505
334 415
3711 1446
334 1970
94 106
334 101
3711 1449
453 3332
453 751
1199 390
1037 1106
453 3764
453 1488
1281 3823
605 1469
107 1458
1414 1472
453 1469
394 3698
334 2875
15 3904
1101 1102
15 2188
453 82
124 108
453 3918
496 2401
257 549
669 933
100 201
649 651
334 3680
453 2658
334 1974
334 3872
453 3776
329 937
52 1523
137 532
15 3920
1428 1429
730 729
257 692
334 4056
453 968
1717 918
334 1831
154 1453
257 1464
15 1710
453 1699
39 827
2530 574
107 1490
2521 2463
1444 1347
1281 3818
1413 658
100 73
1267 1890
605 3711
1281 3843
1281 3438
533 1621
286 1603
532 1621
279 692
453 4038
453 3848
650 2668
286 962
453 3339
527 369
453 305
1444 1443
1251 742
334 3838
1281 489
52 1025
166 665
352 350
637 1673
151 2
453 3836
453 2446
19 394
334 220
3711 189
605 1445
532 1613
318 220
1105 1104
39 979
2530 2590
730 705
407 540
227 173
650 2584
15 1489
81 717
2530 1385
496 2441
308 3736
1414 1861
1281 2735
257 1482
2633 2650
453 1496
166 959
327 658
496 1162
453 1498
32 985
334 1926
14 15
334 3046
126 201
154 1493
2633 1542
2530 2374
15 535
291 57
436 182
1281 1604
453 3089
45 216
2530 2542
1414 1480
1281 2703
1871 1347
329 930
2678 2542
257 2573
602 977
453 30
15 2631
968 969
1281 1493
1281 990
496 2417
15 3864
15 1989
15 452
394 3688
853 44
334 1699
15 3781
334 149
453 3708
15 146
668 519
453 864
334 3948
154 1224
241 490
453 2224
107 776
15 1414
257 1601
193 2131
334 1608
334 1352
905 1966
496 2408
1826 2878
605 1467
1054 2248
1871 1466
2359 901
154 959
2633 1857
669 1371
453 3383
15 391
843 842
453 781
15 1696
1281 3125
346 604
532 821
334 1003
107 1469
453 1051
1281 1460
453 2560
16 18
15 1966
334 2706
334 2914
2530 2621
257 1449
2530 2623
334 2427
1017 1289
334 988
2678 851
46 959
15 2864
334 180
1281 3869
453 1701
334 209
1414 704
334 2007
2530 743
327 287
2530 2549
334 1560
424 184
334 2716
453 2045
85 327
453 1708
334 3036
257 999
1050 392
914 419
334 3706
453 1209
15 748
107 1995
654 655
334 2649
334 3990
334 3835
1672 1679
258 1576
107 1449
394 2643
46 1196
2530 2587
107 1497
1523 2511
334 2724
1719 914
334 357
334 692
462 1575
363 336
453 3871
669 1061
453 2199
453 3816
107 1346
932 1706
1281 1287
2530 960
1281 1348
453 2184
154 1358
329 755
68 163
15 2550
15 1462
2530 2608
346 919
136 983
257 1686
1718 598
1054 1297
334 2718
334 2653
453 3955
290 899
154 950
705 720
334 858
334 3774
1067 1068
668 1712
394 709
2530 817
334 2694
73 396
453 2875
334 1690
453 2294
453 3651
334 1460
154 1347
181 435
334 1419
15 709
2530 2560
2633 1690
954 813
279 94
1719 1712
1632 970
2530 2618
57 1018
107 1499
3083 3707
453 2630
453 1557
1281 864
650 2671
453 447
668 1709
2530 696
1064 263
453 2637
453 552
932 1681
1281 1355
12 3726
3711 1348
1281 1455
453 479
267 958
3770 2387
765 521
18 193
207 900
1871 1958
154 3717
334 2668
496 1691
15 962
650 85
453 2736
154 281
302 186
1718 830
1281 1478
2462 1098
334 3970
334 273
453 4031
453 981
596 842
453 239
3711 1603
334 4033
182 184
334 1373
15 619
257 740
453 1536
453 963
334 46
15 2861
490 884
154 1488
334 2689
932 939
1281 2687
1281 1003
1281 3866
620 1050
565 38
1826 950
453 875
453 4008
1281 3854
15 1461
2530 2536
257 679
453 1191
95 768
1081 286
1444 1512
3711 1479
453 3947
453 2787
827 21
668 603
620 849
453 1263
15 1060
138 1630
1414 1345
1281 1206
334 4059
325 763
334 981
1281 3851
453 3026
1281 2652
136 966
185 651
453 789
327 475
1672 604
453 873
985 864
334 1621
453 2722
320 1378
1281 2720
142 108
453 1566
3711 3717
2530 2595
1871 1490
475 1664
107 1506
2530 845
346 751
137 1572
1281 1097
668 1687
27 91
613 1980
334 1290
334 698
453 549
453 2703
453 2396
1740 1904
163 254
444 171
527 225
15 1458
15 3795
1064 133
496 2436
3711 3072
334 3984
257 1513
23 910
15 1484
394 3699
334 63
1281 3870
1281 2695
1281 3699
453 2085
15 3237
453 4007
137 1621
1081 1305
334 3853
154 1287
1281 957
94 39
441 685
107 882
15 3840
827 321
334 2154
1672 757
613 146
453 223
453 1286
1672 1721
2633 2589
453 3930
453 1103
137 1636
19 259
669 459
1281 2628
453 1086
1120 1434
512 533
15 253
394 2866
9 10
453 1805
394 1968
1719 1679
668 983
96 365
22 980
601 972
779 1107
1055 1120
932 751
334 4049
669 1677
656 114
197 198
394 845
124 656
18 216
1444 1485
15 525
509 797
3711 1689
1190 1513
15 2245
477 952
15 605
15 683
1281 1954
3770 1297
257 1346
14 581
1963 1962
1414 705
100 969
11 12
1871 1512
1719 945
286 1611
453 2815
298 373
650 2364
334 3715
15 2725
669 919
453 183
15 1506
533 1613
15 548
932 603
107 422
387 46
3711 1508
3133 3790
669 1711
453 865
453 2000
529 530
453 3268
453 3985
107 1462
2633 2223
779 1103
1444 1470
1281 3837
283 235
453 2718
220 451
453 3275
3711 1454
453 1350
444 705
827 558
3711 1452
453 3137
453 2589
453 3903
154 1469
496 2435
154 1462
334 2573
15 2322
669 942
2530 547
1281 1748
453 1506
453 3639
1719 925
565 977
453 1379
1281 85
15 2838
2530 1114
453 890
334 4003
334 4044
1719 573
453 2452
668 1710
453 673
334 3925
2 3146
2678 756
1281 1844
668 928
2633 998
334 1982
15 1003
15 2329
724 722
327 46
2493 2381
257 211
257 2713
792 800
453 1587
2530 2550
650 1040
453 1046
782 2633
334 2629
2633 1698
89 550
334 997
1281 2488
932 936
3711 958
334 163
334 999
650 2660
334 3332
2455 182
1428 1427
15 3889
1271 1202
453 1603
906 709
334 3813
334 3960
334 3759
334 82
2633 1604
107 958
334 2565
287 475
811 2469
1672 924
1616 1617
346 944
107 1989
454 290
453 3679
453 2931
15 986
15 1561
453 2540
2530 1103
453 101
1081 633
1281 618
15 1498
32 1573
453 4003
137 513
453 3220
346 851
334 2583
635 88
334 3941
453 3965
453 920
15 189
334 1369
2530 969
2530 113
2590 3
453 234
453 4040
15 1605
15 3928
496 2415
453 1233
2508 2509
2530 951
334 2693
932 1713
453 1688
15 239
3711 2656
650 148
1281 1613
15 1481
15 618
334 1601
257 498
669 756
453 1571
451 383
334 2060
15 46
668 598
2678 3819
1281 1501
668 1695
668 1688
668 1702
334 914
15 1603
2633 2539
346 927
2530 2543
2248 2389
334 1512
2678 330
334 3969
668 933
496 2411
932 924
795 796
453 1604
334 1164
453 138
394 366
107 1776
15 2773
613 1968
12 2311
129 503
32 1566
107 782
15 2786
600 356
334 3801
15 1350
2530 2610
15 2180
1414 1966
15 1228
1281 961
920 2463
15 3875
166 1366
1414 1470
334 829
53 2447
650 1516
1414 948
1091 274
846 848
1112 1104
734 541
453 3839
334 2235
2633 2617
1126 1128
1111 1114
46 3712
394 144
334 1342
605 1470
15 2562
129 179
394 3686
329 935
2678 3579
652 1114
570 623
2530 64
251 2875
1281 1979
1112 1114
2865 475
453 4036
2530 1097
39 978
3770 2388
2633 305
704 877
1025 467
453 2937
334 3779
1281 2914
453 2592
334 1987
15 1354
334 1488
334 1888
662 360
15 2685
1281 2388
2530 2605
792 799
1055 2381
334 1286
669 1686
650 2653
334 850
15 2893
15 2702
147 394
532 513
453 1574
2633 2639
453 669
453 560
334 454
334 1146
870 490
3711 3699
658 368
154 1296
2530 469
1441 1519
453 2092
334 1702
453 506
154 2786
334 776
334 3901
15 1697
107 1436
100 138
2248 858
444 732
15 513
163 635
16 17
257 2539
453 3713
334 2446
453 1002
334 168
555 195
9 154
257 2733
1120 560
334 2708
1281 1700
15 3898
2633 1704
2530 1743
932 925
181 482
329 936
446 950
334 1984
136 971
1444 1491
68 164
746 439
513 266
650 680
434 435
334 1698
234 478
2633 1486
496 2406
334 4014
706 708
605 2696
334 2652
15 3905
154 1500
453 580
15 3589
650 283
334 820
107 1992
334 1461
257 1993
1871 1445
453 3956
1413 657
608 607
905 216
730 721
453 4037
453 3917
453 1698
669 410
532 138
278 499
1281 855
453 3753
1281 3857
734 993
1444 1362
334 2732
287 1665
1379 560
334 3830
1281 738
453 3941
669 932
1281 3819
107 1496
496 2440
334 680
532 703
197 1120
334 285
496 2414
453 1996
1444 1449
327 657
3711 1512
453 3948
440 576
334 2687
453 1495
2530 1065
257 512
1281 1461
1281 859
532 1622
3724 3730
1067 216
985 987
453 3086
2530 2449
286 1235
2678 921
1281 1516
107 864
1305 953
2383 1270
72 74
1101 1107
453 1059
334 4076
602 976
163 3773
251 725
154 364
394 3690
1281 2936
355 353
453 1931
453 1106
15 963
15 1977
1081 854
1281 3256
334 1975
1281 1603
453 999
14 70
1281 3828
2530 2395
453 318
137 970
142 309
1717 934
1670 890
1281 3821
15 1980
1413 115
650 2166
334 2840
1281 1981
453 3998
1281 619
15 1846
3724 3033
15 924
334 3998
690 756
334 675
668 755
704 572
453 1003
453 2245
734 1187
15 2628
1719 926
1281 1502
334 1468
1064 228
334 1689
453 3937
334 2566
109 769
656 108
334 468
810 803
15 3914
453 1973
394 973
532 512
334 1479
334 85
705 721
652 1230
453 359
1592 660
1190 193
496 2409
1281 3812
334 3299
251 832
334 4028
1281 2946
453 748
15 502
932 941
1281 2661
1281 302
1719 944
3711 364
154 3072
257 31
334 594
1871 1480
15 1531
496 353
15 3817
444 729
334 3845
15 1337
548 743
1281 2030
1037 1107
334 659
1281 1405
3711 1198
1385 548
15 1511
2530 779
136 513
15 2525
3711 3690
334 1931
1067 1070
278 94
3711 2907
453 195
334 2956
334 1868
2 397
453 1485
334 4063
1281 3842
334 1454
453 1487
15 3125
15 1476
320 332
1717 851
1444 1454
453 3120
107 1488
1281 1574
74 139
334 3915
179 407
453 1517
650 1705
1871 1127
453 172
453 1808
1281 1458
613 1183
605 1511
107 1500
257 1091
15 2617
1281 1685
613 287
453 684
2530 2617
509 796
100 533
453 1558
2530 1459
453 1516
1441 763
2633 964
730 682
1281 1225
15 2657
334 2648
334 1235
668 1713
375 764
107 1481
3711 517
453 4030
533 201
3711 2628
2530 2600
1281 2684
334 3181
434 482
334 1016
268 664
329 758
137 968
704 719
635 675
334 1523
453 2673
257 420
821 1613
453 344
226 534
334 864
176 840
1281 2875
453 2621
334 3950
1379 1380
453 2657
284 370
15 3897
453 362
154 1485
138 1644
650 2672
668 1708
154 1445
1414 418
815 370
1094 233
453 3438
1281 223
154 1516
2530 1113
334 3971
334 966
596 94
15 2953
650 1695
267 957
1444 515
12 3724
15 2538
496 2035
101 211
3711 1347
1281 2648
15 3718
453 1378
595 576
3711 1495
1190 1557
84 475
839 190
154 1346
1281 2704
496 2428
453 4019
15 1490
541 93
453 1968
1281 2642
286 512
2530 1416
650 703
1105 1102
453 614
329 940
107 1450
334 389
154 3716
12 3727
1546 1414
453 2329
2530 1837
334 4071
2633 969
257 2703
1054 2389
346 281
146 394
1415 700
379 165
1110 1108
723 722
453 1504
257 2725
1281 2567
453 551
46 513
107 1448
5 193
15 1732
1281 1988
1281 337
334 1143
3711 1485
705 682
334 1504
453 533
1871 1959
1281 627
650 1689
496 453
595 1667
299 478
1826 2698
334 1554
453 1926
107 1987
2383 441
2530 233
932 1716
15 2589
496 2429
181 182
453 3815
1281 1488
15 1449
1199 1342
1190 1483
453 1700
655 108
453 790
1281 211
453 3547
394 780
15 987
453 277
2530 702
15 2142
394 3703
6 24
334 434
388 98
453 855
334 2
394 484
453 1702
394 947
346 922
334 43
521 115
2530 2558
1414 421
1281 417
334 951
1281 1447
580 1423
15 1469
1116 1103
453 2205
334 416
453 2060
1413 1974
329 927
453 1478
453 957
453 487
34 2
669 345
46 2131
257 2364
334 2717
453 3115
15 880
154 1507
334 338
107 1347
2530 1584
2383 2390
1718 751
669 1060
334 3836
12 1415
453 3564
334 547
1393 90
677 876
15 1345
561 184
153 154
73 176
1281 515
257 359
596 396
1618 1446
453 949
5 1201
15 2552
154 1352
257 605
453 2821
453 692
137 1637
2383 2388
1238 2463
290 607
532 413
2585 336
334 1495
334 3968
394 2224
394 253
1281 1459
1281 1224
223 275
650 1688
15 1730
15 1999
334 2284
154 957
14 439
334 3980
257 1492
209 128
286 1341
1575 201
730 732
453 686
843 840
101 1017
257 1419
453 2179
394 1972
334 88
1281 2654
605 1465
15 882
15 2727
453 417
15 830
46 201
1281 1449
154 3715
334 4067
394 1997
15 1464
15 927
695 1581
334 703
453 4013
1212 78
15 777
334 832
1281 3825
1111 1115
596 843
650 966
496 2444
1281 880
394 3691
453 43
2530 500
257 2184
3711 1342
1281 3815
107 1980
316 1018
453 67
334 2017
334 2907
453 3953
107 1345
334 447
334 2749
1871 1487
334 2576
15 3616
996 705
334 1350
1281 748
668 1690
1444 1445
15 1209
668 1711
453 337
137 1641
334 1600
1717 923
236 1523
176 396
191 226
140 241
639 640
334 3952
2633 855
334 863
637 1675
3711 1483
2530 155
1673 1674
600 602
15 1816
15 2764
334 4053
15 2290
107 1485
679 276
668 818
334 533
334 2101
1105 1107
734 764
15 536
15 2045
1281 2103
89 250
15 969
15 3848
257 632
39 669
40 38
453 1481
107 1953
137 1634
533 966
453 2450
15 985
15 2586
22 827
1281 2615
1957 1962
818 819
158 1277
334 2736
394 2227
453 2451
453 1155
868 368
132 490
329 752
334 2364
453 2531
334 193
15 826
334 1566
334 1805
453 2635
1281 1346
453 113
216 90
329 757
334 1263
453 1137
1672 1712
1281 3655
453 1559
668 1707
696 953
257 421
346 924
453 3873
1414 1443
1444 1464
547 743
15 3720
496 519
334 3149
181 184
334 1502
334 2723
453 2628
407 714
334 1378
1281 1978
799 800
2530 700
1101 1103
15 1483
184 434
453 951
2530 2022
306 307
1672 925
453 3936
22 565
728 730
334 4074
453 2863
15 3719
107 1451
1281 1571
2530 855
85 1114
334 2557
2530 2573
267 987
3711 1488
596 191
334 873
1281 676
3711 2626
327 870
334 1966
334 3940
932 1682
453 1980
216 226
634 243
453 2633
475 671
334 2488
257 1422
441 860
453 3831
1281 1453
521 163
2530 967
668 751
197 699
453 2504
782 2474
1413 784
334 3547
1281 1532
3711 1469
764 765
334 11
468 2
251 833
15 791
1871 1955
334 1113
15 2627
1190 1558
533 1622
613 783
595 1788
1957 1959
793 796
668 998
40 980
15 1450
257 2011
167 1282
453 997
757 932
107 1459
334 3995
334 452
453 3720
453 3912
453 1083
1718 410
453 2750
1037 1108
453 2581
1444 1507
1289 1379
474 291
15 3915
334 3930
52 984
1116 1104
334 2146
257 1456
286 1604
846 847
15 2593
453 1689
2447 964
1717 755
2383 1624
15 2716
1281 3836
2530 1800
1109 1111
175 290
334 1345
15 1507
334 982
1354 281
345 829
490 993
801 800
334 3096
387 147
15 2451
669 940
15 519
650 970
453 1695
2530 2620
334 3822
1281 3850
154 1451
154 1479
496 1402
1281 1517
985 986
15 2271
532 1639
1672 329
2678 830
778 2511
533 413
521 1089
2530 2629
1523 226
15 1975
179 241
3711 3713
286 1605
334 963
444 709
158 3774
173 257
1190 1563
734 870
496 1774
453 926
669 1687
63 1252
756 1677
453 330
2530 2310
257 513
394 976
453 1971
453 1351
197 626
2530 2383
15 1471
453 151
692 234
15 926
1281 412
671 1665
1281 1316
453 1315
1718 755
1871 1957
1281 1496
15 1254
257 1748
267 422
15 3893
453 512
2633 826
21 22
334 3954
3711 1478
2633 2622
1281 3867
257 1472
257 2719
1281 992
1281 3719
2633 2645
334 1465
1281 2290
286 1610
15 1760
1281 3021
334 320
334 2633
453 3853
304 222
233 56
334 420
334 2768
453 3750
2530 572
2678 1546
2530 2537
1719 851
334 1688
1054 2387
257 1484
2530 548
107 670
143 1344
334 2729
2530 742
15 1974
453 2364
2633 2636
154 1506
334 3894
436 502
394 2979
250 1048
1111 1107
3724 3727
257 1463
453 422
334 2651
202 73
15 3884
730 709
453 1839
2530 222
2530 2566
32 46
1281 2635
394 2364
3711 1447
334 3679
453 653
15 3895
610 454
453 1409
3711 1499
1281 3011
605 950
453 538
15 2449
2678 211
1672 1719
1871 413
334 2672
453 1107
2678 1997
334 3972
107 1495
1292 1619
1281 1971
137 1642
1441 1342
453 1186
496 89
453 2799
15 580
453 1521
453 1641
3711 1496
394 862
532 1623
636 629
15 1457
453 2552
3724 3723
1146 320
257 2495
3 5
307 308
15 1743
15 1609
334 617
15 2100
15 805
154 2001
334 1508
2633 1209
542 541
15 1155
345 604
3770 2389
154 1956
257 2700
1281 1989
1354 163
1281 3203
394 1805
15 1844
453 150
453 683
475 952
2248 2386
15 1516
334 2451
32 1563
453 2100
334 969
1281 311
257 950
2678 669
2530 2613
705 728
599 901
334 2612
610 981
346 921
648 647
453 932
1281 1357
453 405
1281 1699
334 2714
137 1613
2530 653
1281 2705
492 1342
82 590
1719 669
3 4
453 783
595 1666
154 1498
613 1982
453 435
1116 779
15 2494
89 849
158 163
453 2118
453 211
15 1207
154 1422
334 548
496 2407
1281 390
994 19
334 2635
815 995
32 1569
453 3071
453 3718
15 304
1281 1419
1281 890
2530 866
257 2734
320 590
2530 1604
15 85
453 1337
453 4026
334 137
15 1499
262 1620
2633 2653
32 362
334 390
46 3711
437 34
496 2426
37 602
334 731
1281 1695
15 598
334 3101
15 881
99 539
251 2701
704 710
3724 2311
668 1679
932 930
453 1748
334 1932
15 2574
909 911
107 1463
932 755
932 718
394 778
394 201
334 2621
453 2608
278 279
154 2184
734 883
19 20
257 1566
3711 1995
453 635
334 746
334 2626
968 1613
175 1040
932 1679
613 1976
453 2733
903 659
1281 1476
530 1098
15 1988
637 1676
453 1692
15 821
1037 576
1281 1311
334 1916
101 1391
966 970
2530 1054
932 1707
334 2028
440 859
1045 1204
650 673
154 2636
257 2708
495 259
704 444
891 895
3711 1467
453 1447
154 1536
650 2644
139 665
141 1064
1672 934
441 858
2530 2604
652 1409
1190 456
453 1848
453 3961
101 153
2530 2631
453 1601
1126 1127
45 503
1281 3856
453 2900
107 1513
15 1956
453 1224
257 2698
1281 2093
107 1473
669 752
873 875
15 1704
1444 890
668 924
15 680
792 793
79 2869
197 443
490 886
15 389
334 66
257 2723
453 3991
810 809
2248 664
15 222
650 819
46 183
334 3865
334 959
1055 1343
334 2348
1281 3714
453 1345
1444 1478
2530 2628
2447 2452
334 1835
1281 216
144 244
453 1362
1101 1109
15 2531
1281 3062
1424 201
580 959
530 548
1281 237
907 908
2530 2579
107 1504
453 585
3711 3716
444 731
650 1258
257 234
2530 2598
14 179
334 1725
2865 671
705 729
453 1970
453 189
1444 1455
475 477
3724 822
104 294
2633 223
843 191
267 513
1281 3853
532 969
453 2665
15 3906
453 2438
2678 988
2530 2557
453 3974
932 851
394 359
453 1016
620 1049
334 2103
668 1698
650 2051
1281 1104
596 192
94 587
334 3720
453 278
176 94
334 487
453 1989
334 3716
453 180
668 1685
334 413
650 186
15 3816
15 412
334 1808
490 887
257 2714
3711 1489
1719 929
453 3989
1279 564
334 1458
2633 2557
334 4051
1064 106
334 3812
15 1341
453 3968
704 1007
650 653
1281 2716
101 590
101 912
472 167
334 1730
1441 1520
735 1129
162 1683
257 413
2500 2498
453 1927
453 378
453 2729
471 427
453 959
453 4000
1444 1490
1054 1049
1260 1044
22 909
257 2160
527 490
257 644
394 1570
1740 1953
334 1603
453 4004
453 1117
15 1104
286 1362
453 3945
650 2474
154 2581
394 413
15 2711
15 216
1281 2348
1672 211
669 598
329 921
2530 1684
15 3083
453 4032
1101 1104
34 215
329 1082
334 605
15 1568
162 283
655 142
1281 1704
334 660
334 4058
3711 3096
1414 1468
1067 1071
2530 183
496 1210
329 931
453 3982
2383 3770
1281 1686
279 529
334 821
453 2213
146 694
2530 2572
40 565
453 2651
154 1656
234 32
257 2617
334 1632
1718 850
137 1622
188 298
1281 1490
15 1325
334 1517
496 2419
453 703
453 4044
334 3987
15 255
334 3819
444 719
3711 957
15 3818
441 576
532 1633
163 1044
453 616
2748 1443
2530 649
2530 1064
1555 618
852 176
496 2437
137 1640
706 461
154 1467
453 1296
2530 825
669 1717
15 1065
278 692
668 850
334 1341
1717 932
2530 619
394 391
129 116
453 237
257 318
675 82
257 2290
90 912
334 216
234 635
23 827
1444 63
1008 1826
602 356
1281 1464
613 767
582 916
453 243
257 276
334 3521
845 847
917 916
187 216
3770 1625
932 1712
650 2665
176 106
79 1169
1281 2694
1067 1069
668 604
2530 1112
565 1569
184 435
15 3847
1281 2215
15 3900
734 765
334 3955
15 1576
334 1206
15 473
1281 626
287 477
650 146
286 1606
154 1345
532 967
244 452
334 957
289 735
1391 23
2248 1297
257 670
23 909
453 119
259 394
932 211
453 529
1281 1360
453 594
453 178
453 3849
350 67
1281 1939
15 1868
163 1574
101 234
15 1016
334 4052
2447 1569
746 1438
2633 2000
802 809
700 203
46 52
453 1705
107 1997
257 1608
334 4050
334 1418
257 633
334 2009
1281 784
2530 1548
453 517
668 1706
334 1224
257 2705
543 764
453 2627
1111 1108
1281 1456
1055 2380
158 1887
1152 390
1444 1492
107 1452
334 1911
1414 1065
1950 1949
453 357
174 243
244 233
453 2427
471 407
15 390
12 3730
453 2971
453 897
1281 2552
932 926
596 190
2530 1509
453 468
1028 89
46 394
453 3521
1672 926
1631 1641
257 2711
329 751
453 3759
650 855
327 515
2678 932
334 964
1116 1108
453 4012
137 1635
2530 854
1281 305
394 1977
1281 2768
14 1665
327 63
669 935
334 42
334 3973
453 950
2530 532
107 784
453 3150
2530 539
453 3843
2530 2556
453 2310
15 3369
39 1569
154 1486
15 455
453 2666
3711 1470
257 2726
1547 1017
46 147
453 1997
257 2731
453 1198
334 1474
730 731
704 682
492 390
15 1439
197 144
334 791
1281 1086
329 459
15 3826
444 730
3711 2705
107 1443
650 2659
453 4025
596 395
15 3885
15 1463
334 3953
334 2346
334 4064
15 3926
915 563
1250 1251
15 2580
107 1981
1414 3692
15 3708
100 137
334 899
15 2696
1281 3859
284 279
863 422
1036 263
15 420
334 3914
513 512
453 500
2633 2637
453 3888
1305 696
107 653
453 441
1444 1465
15 2554
334 4039
15 2026
650 519
394 2726
453 3823
2633 189
453 3779
1424 138
15 3688
15 2450
137 201
163 302
1281 1347
453 3954
334 1631
453 1341
932 459
896 897
521 1088
12 3725
706 1555
499 815
3711 1482
22 669
15 961
251 849
1414 1446
1110 576
1105 576
650 1632
460 193
1718 927
15 613
444 682
1281 1422
15 854
613 1337
124 654
334 183
704 709
453 1467
15 3909
334 2165
15 1479
654 108
334 2863
1281 1970
492 1043
154 1235
1281 3848
1281 3864
1281 1209
107 880
1116 1114
334 970
2530 1223
470 471
1281 1690
613 1967
154 1505
1871 1479
2633 2085
453 803
334 682
39 1951
107 1486
532 1631
1391 378
263 616
1719 850
334 3058
453 966
1572 512
1281 512
453 1057
1444 1451
1629 1566
2633 2644
334 2560
2530 1910
285 90
3711 1351
1281 421
453 3036
453 3910
1672 330
453 2640
1281 2617
782 2634
453 1037
453 1992
813 129
1281 3061
286 46
334 683
1281 856
453 1493
650 2574
40 975
453 3496
3724 3722
2530 198
334 2673
15 3894
298 266
453 3950
334 3370
32 1517
545 546
453 1537
64 1409
257 890
334 2705
334 1171
668 932
334 3855
15 3896
15 3916
394 3692
257 562
453 1679
2530 2616
932 1683
107 1494
15 256
1281 3822
1037 1109
2530 826
602 973
334 1968
2865 694
37 39
1959 1962
650 1486
334 992
334 2632
2493 1667
668 1201
496 2404
1413 1690
1281 1805
15 347
51 234
453 2668
1527 1443
453 345
202 201
334 538
453 3911
1130 274
2678 927
521 1090
15 1689
453 92
15 691
496 2443
105 106
2530 1305
453 1458
15 1326
513 201
668 410
15 674
2530 2565
1281 1710
533 1623
453 3595
1281 2636
1065 1066
1275 560
2633 2596
15 1492
2530 1102
453 149
453 1502
1718 851
3 291
1190 1559
334 3907
2633 2599
706 1007
453 746
453 1772
334 1055
1281 1531
154 2628
15 1070
2633 2554
257 1445
334 1569
1190 1560
637 1674
705 572
334 1446
1441 1522
257 422
18 337
334 3693
1281 737
334 2666
1719 923
3770 858
669 830
251 1511
2498 408
107 1475
257 2599
3711 362
453 2011
932 940
1281 2364
15 3281
154 1492
334 362
453 987
453 1988
453 1489
334 1466
2678 1974
15 790
1539 1540
1054 1624
453 66
334 201
334 1047
453 3983
509 795
334 3270
613 784
334 3688
1632 100
453 970
334 1565
1281 3839
334 653
1281 690
334 651
334 2322
3711 1501
334 1527
2633 1705
453 3979
1054 2386
162 670
3711 3720
669 1702
2530 2603
1112 1115
107 1457
2530 1109
334 3963
453 3967
1281 2574
15 1682
334 2695
2447 183
15 1567
101 1392
1281 3838
1826 1560
453 4001
650 998
453 323
3711 281
286 968
453 3960
669 1694
147 575
453 1954
668 923
334 539
15 326
668 943
158 1927
278 815
15 2224
2633 2137
1281 545
719 682
1281 2494
453 1445
2530 2632
2530 197
360 175
453 1206
15 1987
453 164
1054 1053
329 920
453 1918
1064 2494
15 2098
453 607
453 4045
334 1500
32 1572
639 638
873 874
15 755
176 190
154 1470
453 1480
46 864
334 1950
650 2666
440 860
794 796
2746 870
453 2840
1281 2693
2447 1571
879 882
424 714
15 1046
3368 3432
453 1554
453 1376
32 90
15 889
2 382
953 1081
1414 905
3711 1604
257 1516
257 1234
3711 3715
2530 2627
1281 1567
1069 1068
107 1474
719 572
334 3696
3711 1502
1281 3713
15 1601
1444 1479
2530 1704
669 921
611 982
792 796
184 502
15 1695
257 519
15 80
7 470
2530 2531
1281 2956
2678 751
1281 2557
329 851
334 1605
46 1423
334 4008
668 1697
453 3935
496 1787
453 933
493 670
453 705
15 2512
46 1422
162 410
605 1296
2248 2384
602 978
22 41
15 1352
184 2455
334 2715
1281 3849
32 1564
613 1981
334 618
334 819
394 586
453 266
453 434
453 1476
658 1725
334 990
334 1196
334 2628
257 337
2248 2387
2530 652
15 2495
267 100
2530 1559
334 1995
334 3674
453 455
2530 1378
334 3532
334 3109
320 325
1025 82
334 2620
2633 1362
1281 3865
220 373
453 4039
669 1669
107 1978
404 308
1281 1509
613 1970
3770 1054
1050 1049
15 1954
453 3719
3724 3726
453 548
453 1952
453 3587
1281 1470
154 390
2530 1710
668 1701
1281 2723
2530 1574
154 1354
492 1343
650 1932
257 880
1104 1111
266 267
2633 2552
15 1359
453 859
668 1678
932 1697
1281 2799
107 1994
394 3705
5 147
346 211
166 1365
453 98
137 703
496 2324
453 2983
334 364
613 1985
453 2005
2530 1086
22 975
1116 1106
334 3385
100 34
334 3411
141 178
453 990
453 680
453 906
1826 959
1414 1469
605 113
871 870
66 173
15 1447
181 423
350 439
2633 2450
1719 757
1281 562
84 115
423 434
453 377
1561 98
394 3693
107 1464
32 1565
650 119
453 2525
173 97
650 659
2530 2544
1414 2818
453 4005
453 2322
15 562
453 2093
513 138
2678 926
2530 2586
1190 829
394 534
453 826
453 2638
1281 2467
453 3142
1112 1106
453 3699
187 503
334 2265
334 3850
334 421
453 2768
2462 2294
453 1998
496 2427
532 1634
669 1716
15 3705
394 2579
278 370
15 653
2530 2538
496 2438
1623 1642
802 808
257 2699
453 2723
490 885
3711 880
15 1839
334 927
162 605
1718 923
1281 1485
394 2399
15 1968
2530 618
1444 1504
15 3835
845 848
223 487
3711 2636
1281 201
932 1711
394 1995
932 1201
1613 969
496 2416
22 1569
15 3863
329 938
428 2463
257 2342
1281 1480
1198 1618
1281 1235
1414 3708
1281 963
334 1103
23 21
257 193
1281 2003
15 1679
316 14
1281 440
15 1485
2530 847
1110 1109
453 617
453 1080
2530 915
1718 926
1717 211
1414 1509
1281 1266
429 2692
548 741
257 281
1050 549
153 510
453 3999
1413 368
453 784
453 3072
46 821
31 234
334 1351
257 1607
2633 456
1281 3852
257 951
15 2532
1281 1511
15 1266
453 3616
453 3973
453 3992
532 968
863 864
154 880
453 958
453 410
15 3907
650 2651
55 586
334 518
1281 2599
453 821
3711 1357
648 432
154 1510
2530 2082
1281 824
576 732
541 764
257 653
453 1528
1281 441
2633 2651
2633 222
2530 659
795 794
191 106
286 1613
257 2085
601 602
15 3819
257 1481
827 556
1281 1566
734 543
613 1977
137 1623
334 1705
1871 1960
334 2825
453 3897
334 195
453 2230
2455 502
257 2557
440 858
2530 211
257 364
668 753
492 560
3711 1422
453 2051
15 1424
334 4001
453 679
1281 281
658 115
334 3089
1116 1113
905 3083
891 894
669 755
669 928
453 2728
539 1204
453 3872
453 1357
15 3127
1552 652
1871 880
1717 830
234 467
2530 1605
1675 1674
1281 2715
453 1567
932 756
394 999
2530 1199
453 3147
15 1509
2530 1790
32 1315
15 2320
1281 968
453 3890
176 395
334 709
2633 2652
655 114
334 619
453 2944
2633 2448
453 2574
15 413
257 1315
496 162
561 435
334 1602
15 1984
15 3579
3711 1505
932 998
1826 748
1281 2869
3724 3725
140 490
79 2506
334 1695
746 1657
107 1479
3711 1513
12 390
1871 950
216 129
107 1546
70 1018
2530 2452
182 482
453 1611
453 4021
407 424
2678 1516
295 296
15 3908
334 223
46 228
669 1681
654 142
257 1360
704 705
154 1483
334 1531
453 3844
15 2198
2530 2555
496 2402
257 1808
334 3843
334 912
511 207
15 3018
346 384
704 708
154 1326
334 3742
1281 2451
453 1978
453 1618
1672 851
334 419
453 3914
257 968
137 1353
490 491
533 703
15 489
107 1483
453 2893
3770 2384
2530 194
862 1230
1414 1445
2633 260
453 745
334 2387
334 2617
2530 1454
334 3753
453 1419
2633 2647
334 2211
334 3888
2530 305
15 344
1572 969
2903 901
520 1230
6 8
2530 350
257 1557
334 2293
453 1987
334 2279
366 585
453 732
2633 2474
57 3
126 138
334 1568
1281 1341
536 276
2066 1230
394 2661
1672 927
107 1998
15 3809
521 1087
257 515
334 2245
334 346
453 1827
334 3126
453 518
32 1483
334 2184
329 923
453 1492
605 3072
453 4034
453 967
453 46
1719 329
197 1423
286 201
375 521
453 104
2633 1610
605 418
394 2983
453 620
1281 3847
496 1938
286 1607
453 1637
15 2604
706 710
334 1574
453 1704
197 501
932 818
15 211
334 611
15 539
496 2405
207 208
193 475
107 1493
444 720
1539 1541
1393 234
107 1325
453 2084
2455 482
334 1177
1281 1479
15 2653
453 659
453 497
1281 1514
453 2653
1632 138
1281 3036
453 1466
453 85
650 1002
3711 1445
453 3315
2633 618
600 974
257 959
1281 1498
2493 1788
669 925
263 617
73 106
334 3983
158 1157
15 3891
453 1866
334 2702
596 841
453 1531
453 1725
1718 1719
700 1082
107 1516
2530 1423
1281 3528
298 332
243 258
257 1465
1622 1631
257 1003
15 174
453 3898
496 2422
334 2893
453 2055
250 605
334 1557
15 3108
15 1348
191 94
1110 1103
1101 1106
334 3086
107 1991
334 3150
1646 1046
1281 1288
453 1473
453 2554
1719 211
15 3917
334 1539
257 1605
15 787
15 1304
3711 1490
2530 2596
589 227
1190 101
602 972
1281 2665
453 776
453 2017
319 320
334 1484
650 1690
137 821
496 458
2633 659
1080 98
453 1422
1614 201
1055 1829
15 3080
163 650
15 2693
196 402
453 193
107 1982
1281 1489
650 1362
1717 345
154 1512
476 1665
1719 918
513 1575
49 92
15 201
15 1514
1281 189
773 1202
15 2135
453 632
453 3655
669 934
1826 281
915 636
257 617
15 1737
334 1604
334 2720
15 2662
15 1998
650 2569
2530 391
453 469
1444 1447
1281 860
238 446
334 2721
15 1500
257 1347
220 129
15 1466
1281 652
514 657
394 1523
453 618
48 394
453 3951
668 851
209 1206
334 388
15 261
2530 1565
1826 1515
496 2446
1281 1943
257 1474
381 129
453 2880
1281 2612
843 395
334 469
453 1964
1414 683
453 3822
37 38
15 3822
329 754
1230 861
1054 2385
194 44
2633 790
1718 756
532 1353
174 235
496 2161
453 200
15 1548
334 2684
675 1258
1281 1607
154 3713
334 3318
932 918
453 2462
453 858
334 184
3711 1954
257 2732
2633 1085
137 967
1281 674
1281 539
334 234
2633 2574
375 765
1523 303
2248 1341
334 1564
107 1465
453 1113
257 1373
334 635
346 926
547 741
533 968
137 1632
15 2521
453 3876
15 983
334 3700
453 1745
334 958
107 2000
453 1513
453 4011
334 2924
15 857
453 756
3711 882
1281 3811
453 1040
179 1064
1718 346
453 2730
3711 1481
334 855
453 2180
107 239
1281 580
453 1512
15 967
453 1500
952 1665
689 690
1444 1466
241 734
1281 513
85 1409
453 3828
932 935
334 748
334 3014
1281 3831
8 26
14 953
37 565
15 824
453 2626
334 2728
932 921
334 1450
453 1621
2530 129
2383 2385
854 1114
257 1485
257 1424
124 114
15 474
985 958
257 2712
810 808
334 2180
453 851
334 2199
138 1634
836 835
613 1966
707 1007
3526 2575
107 832
334 98
334 632
2530 67
90 1523
2530 1689
13 12
334 4069
257 2721
46 136
1050 1053
334 684
453 2569
2530 2564
15 3888
15 705
668 1692
15 1296
267 985
453 2648
2678 345
655 656
453 2631
12 3722
3711 1600
802 66
1281 1337
2493 1666
509 793
453 3742
1442 475
453 3934
1281 950
1871 1961
3711 1475
453 1454
620 111
1152 1199
257 2701
795 801
334 3892
932 1669
107 1502
1281 419
309 654
25 112
381 216
453 2573
453 3884
1281 964
257 2367
453 2720
1414 1296
868 871
453 2
453 1842
473 291
394 2636
985 422
650 2646
613 1978
154 1511
1112 1109
1017 1104
453 1539
334 3977
1281 2354
453 3972
1281 3830
15 2396
101 761
1281 3862
669 330
137 1644
14 215
334 3943
453 2532
15 410
2633 1563
2633 416
2447 513
1415 1414
325 2679
1281 2710
453 2852
375 962
15 2215
453 267
1281 1558
179 178
394 231
23 222
3711 1458
15 3181
100 512
2633 2640
3711 1224
101 478
453 880
15 1378
2530 2570
2633 323
2530 1642
453 2436
613 1513
154 1954
334 670
453 2211
1281 1466
5 1018
334 882
650 2657
154 1465
1955 1962
730 572
1441 1518
182 61
166 1368
453 1369
334 669
334 53
453 226
22 39
453 1622
2530 2581
669 758
496 2006
334 1521
1444 1456
1281 2495
453 4016
2530 740
15 266
15 1106
453 791
669 1693
668 211
15 1448
932 919
2678 329
1719 756
334 985
453 899
1719 919
779 1113
334 3142
650 2674
334 1258
257 1954
162 281
329 933
15 2729
231 994
2530 2545
453 3714
334 1476
209 178
46 1147
453 3864
3711 1468
1719 998
2530 736
334 2055
1281 3158
453 2727
2530 2619
581 84
453 2272
985 957
241 870
39 602
15 817
662 289
475 3562
257 1342
334 1685
334 3956
650 456
453 3943
15 311
394 1251
1719 345
1081 85
334 20
194 9
2633 1699
2530 900
1111 1106
154 1476
453 3814
932 330
15 3713
1414 1499
669 1715
548 324
453 1963
194 45
496 2430
334 2449
422 266
532 1642
334 2116
453 2348
3711 421
1281 1565
176 177
15 1574
453 209
1281 1186
334 458
394 31
453 216
453 860
453 1993
2633 1531
453 820
15 3697
453 245
1572 1613
15 1373
453 2539
453 185
139 71
334 3718
15 957
1055 2379
453 3698
15 784
496 820
2530 2532
1112 1107
1281 669
154 1603
496 2439
15 1653
136 968
3724 3729
48 243
1054 1341
1043 1260
1444 1460
499 370
15 67
3711 1461
706 711
15 650
334 1505
453 2550
668 922
453 668
1740 2543
394 1816
334 111
329 929
843 839
257 1459
453 3993
334 2641
453 1607
668 1677
334 1359
15 3874
346 923
2248 441
1413 580
453 1608
453 2687
1281 1587
802 807
257 2696
453 1171
1572 968
3770 2390
107 1472
257 2088
453 896
334 1491
334 3433
453 1656
496 2018
334 251
334 1964
2530 1209
345 1057
453 121
795 793
46 1424
334 1487
2248 2385
154 881
2530 1071
1281 2724
1199 1275
394 1656
1281 3858
453 452
613 1984
289 360
453 547
1152 1275
1665 1413
583 917
52 2877
15 1358
1281 261
334 2799
650 2663
334 1191
453 856
668 1682
181 502
394 168
3711 1486
1281 959
307 222
668 752
394 626
879 880
166 71
2633 267
676 876
394 3704
163 283
15 3921
345 927
453 804
2530 1087
334 4038
1281 2198
60 61
334 2005
394 1966
32 183
537 1441
668 941
257 881
334 2637
453 1568
32 1567
15 2153
32 52
15 163
163 651
15 1178
453 2488
810 807
334 1611
334 3929
2530 2584
1281 1351
15 2894
2447 2450
453 3987
37 978
2530 1108
663 664
166 1369
1281 2450
613 1971
107 1974
1281 63
1281 3817
334 2538
453 3716
1094 1274
668 926
136 703
334 2734
287 694
565 41
1672 932
669 922
15 2648
257 673
668 930
453 2713
453 4020
286 1423
2678 598
176 843
1281 1984
1615 201
453 2708
23 276
1190 1565
15 950
334 1515
39 38
334 3933
453 3704
932 410
453 767
1444 1472
154 3714
453 1006
453 1449
1414 2706
129 141
334 3697
1281 3808
334 422
176 839
15 1685
185 649
2392 571
15 2566
509 798
2520 2463
1552 85
73 94
453 2735
682 681
334 3041
257 216
15 2656
2530 2601
1413 84
453 2577
2383 866
48 129
298 320
650 826
1281 2002
1281 402
2248 2390
2530 1184
792 795
334 634
334 418
154 1978
15 1600
394 2188
334 1978
1718 924
521 1086
669 604
1414 1459
1116 1109
1054 1131
257 2702
15 220
453 4043
334 1346
329 850
61 1018
437 201
334 3875
334 2623
482 502
46 193
1780 3432
802 766
334 1464
334 562
1281 2698
394 2642
3711 193
453 1561
129 178
334 1573
15 968
2530 207
1409 854
1281 854
334 1587
453 2636
15 997
3711 1480
1871 1345
613 1979
89 549
334 2473
2633 2452
1281 1497
1281 1315
257 1466
453 2684
154 1452
453 1491
453 3856
1281 3824
453 4033
334 824
733 734
39 41
453 137
2678 919
394 994
2530 2539
827 911
37 40
1414 1545
18 740
163 1974
1281 413
57 178
267 1424
1281 2
843 190
257 863
2530 215
1054 2384
719 445
3711 1498
1444 1345
665 71
107 1492
1672 755
334 2722
3711 986
2530 2389
329 932
154 605
1281 2585
1281 1463
605 1347
298 331
453 1316
673 872
394 52
602 975
15 158
15 3892
453 1465
1871 1463
1444 1352
15 1423
2530 380
530 547
334 350
257 2697
250 1049
19 231
15 2956
496 2403
668 718
605 1449
496 2418
453 1474
1110 1102
453 1642
15 1459
334 3071
15 2730
453 1861
760 44
334 763
782 650
496 460
15 1515
334 3438
40 602
2633 2364
649 302
496 2423
257 1228
1546 1545
15 3044
453 2914
15 2557
15 3918
257 2736
453 2732
779 1115
404 3736
1414 225
334 3946
334 3986
95 109
15 3923
453 1460
334 1485
1281 1972
334 2601
152 446
423 435
453 418
334 2569
286 456
394 1610
1414 3735
650 611
15 2448
3711 1516
453 1916
2530 2599
453 731
394 3694
668 11
3711 1503
1281 881
334 222
57 360
453 3058
15 2348
2678 2525
15 251
334 3639
174 48
453 42
730 171
2462 530
453 3978
334 323
154 1457
334 1967
2530 314
334 3752
3711 1542
15 1805
334 2292
453 1470
1393 635
854 1230
453 1816
182 502
1281 3000
1281 1386
613 1965
460 851
1672 850
700 1546
704 707
1116 1112
190 177
15 1501
1281 3827
1281 1548
334 1499
15 3808
1281 71
453 530
334 2388
15 959
3770 2385
15 1494
334 1567
453 3889
3711 216
2530 351
329 922
650 1875
107 1510
40 977
54 477
107 1484
2633 519
154 2348
100 2676
1281 3846
1281 3814
2248 1270
669 988
620 605
453 3322
107 920
669 850
453 1146
15 896
15 1233
453 3944
968 413
794 797
257 1571
453 2586
453 3318
334 1042
1190 2447
2530 1542
15 1452
154 1490
453 1359
274 275
107 1999
1444 1458
453 3925
453 2030
220 394
2678 1183
668 267
15 3843
73 395
1281 3507
509 792
453 2726
1050 1054
3711 1354
453 1511
1105 1106
1037 1102
453 1235
1281 1423
334 3957
257 1423
137 1633
2530 517
197 1341
1444 1467
170 47
334 2845
257 2707
5 291
2530 1573
12 3723
1413 327
453 1157
2530 1497
334 1563
15 1468
1281 2953
316 514
453 3819
257 2729
3711 1573
2383 2384
334 2531
453 757
453 3874
565 975
15 693
22 602
453 4010
15 582
40 976
15 3690
668 1691
668 1371
394 1080
496 2424
154 1449
3711 2697
334 4054
2530 2554
3711 623
453 2620
650 2669
3711 1368
1281 653
1069 618
184 482
1718 925
15 433
453 2661
267 986
453 1730
1190 1517
15 807
446 489
334 302
668 1653
267 864
1672 918
669 939
18 46
346 918
257 362
547 742
13 11
932 850
334 3708
1116 1107
334 1228
14 696
1281 1454
650 1691
15 2673
2530 856
15 3714
453 3021
1281 222
290 981
346 925
650 302
1281 473
904 905
334 4075
329 830
257 2718
1105 1110
453 2596
1871 1954
719 721
334 962
1281 2100
15 990
1281 2539
345 1683
394 3701
2248 1342
154 695
394 2735
453 4014
1281 2701
193 1019
1281 1888
453 985
15 422
107 1348
1444 1446
107 1453
334 3564
334 860
334 1496
1281 2566
749 748
334 2698
334 589
250 408
453 850
334 4043
154 1484
453 201
2530 430
334 1861
2530 705
1871 881
453 3394
453 3952
453 3613
257 1470
334 3874
1414 3776
453 1254
453 2538
3711 1978
453 1760
2383 1625
15 1997
1281 1042
453 1965
257 1507
453 3219
532 1637
499 995
453 2650
85 1230
394 2929
453 2248
1547 462
107 1445
15 1465
334 3942
3711 1618
334 4066
1719 1720
394 1230
561 630
2530 2571
334 1607
453 584
334 281
453 4027
1281 1345
334 2100
453 2346
2530 1610
154 1478
2059 2441
149 475
1281 1725
650 264
334 441
209 129
15 2599
3711 1234
288 734
453 3706
537 623
334 2002
83 298
1444 1506
3711 863
163 157
453 2565
1281 1601
453 2306
650 1209
453 2227
1281 46
650 2611
334 1528
1093 1094
453 443
2633 2604
1539 199
289 290
334 185
2 575
334 787
1871 1956
1393 32
1441 1368
257 2724
1718 757
453 11
453 2089
1281 1483
595 2381
453 828
394 3695
721 732
1112 1108
453 927
1444 1509
605 2525
1718 669
453 2845
2447 1489
278 995
703 512
1281 3716
1260 1045
453 1121
334 3069
1414 2495
658 46
257 1500
15 3883
15 2017
453 964
23 911
1281 113
669 1714
453 1381
779 1114
334 1653
334 3932
1670 1446
965 364
891 892
1281 2718
267 512
334 1448
334 1684
802 806
668 1683
1281 1698
3724 1415
496 2432
334 1415
334 2329
2530 208
460 46
1281 789
565 1951
334 2085
334 113
334 2944
2066 85
453 3813
453 619
1281 3833
453 1111
1281 1080
496 2431
471 424
276 6
453 3697
605 2697
721 1022
669 851
257 323
15 1225
453 3891
453 188
334 2436
453 1468
57 316
1281 1911
669 753
15 3096
116 375
2530 201
15 958
1444 1373
3770 1624
3711 418
453 670
250 849
2530 2364
23 558
394 234
15 3703
453 2101
1281 1492
650 2612
2530 1805
57 636
1081 696
453 934
1672 598
1281 3270
334 2554
650 1701
15 1573
453 3971
453 3883
909 910
2530 2578
197 1816
334 218
334 3406
1281 1557
1444 1468
533 1353
15 1502
15 1415
697 748
795 800
532 1632
375 961
279 815
1719 751
334 4055
366 584
1441 1521
1672 459
453 1453
334 2338
658 870
107 418
453 1109
15 1488
2633 2654
15 2548
453 515
1043 1044
2747 870
257 1447
334 1157
1190 1562
453 3981
1444 1473
650 1232
162 2525
1444 1457
613 327
334 405
107 1466
334 3974
605 1479
496 2425
334 1381
3711 1416
15 3385
453 1979
453 1781
334 517
107 613
1037 1101
2670 86
703 413
453 2702
136 138
453 158
396 843
257 2717
2530 2614
334 2045
453 1042
453 4015
1719 755
650 2658
2447 267
490 734
2678 2693
2530 2580
1253 468
15 1137
561 181
839 73
635 437
810 806
2678 3897
334 607
162 493
394 1963
166 1367
334 2703
334 2735
154 2705
3711 1515
932 928
334 1952
3711 1296
2447 1950
1199 1137
175 344
1955 1064
453 419
2530 1269
3711 1606
2865 476
286 1608
669 923
286 539
15 951
2530 1107
453 3674
668 925
453 3962
176 192
15 281
2692 1437
425 394
453 2707
107 2001
15 1684
2 659
383 275
22 38
2530 112
15 2719
453 3969
1413 475
79 2867
334 3965
1719 921
613 1972
453 370
440 685
1281 1254
424 540
453 1956
1281 742
257 2566
334 1516
429 1436
15 375
453 2576
250 549
32 1570
453 2946
394 1250
126 137
453 1273
1080 995
1281 3863
2530 848
3780 3781
2530 2626
657 700
394 1988
2447 2451
1281 1362
15 3924
2530 633
1281 3809
610 607
334 1559
453 1342
2528 2463
1281 2284
1955 539
243 1064
136 1891
197 442
1444 357
453 3109
15 2706
650 2664
453 1613
1281 357
193 147
1101 576
3711 950
1281 947
15 2113
15 330
334 2448
669 603
650 2288
334 1618
257 1737
334 1498
15 1836
1281 2629
1281 2964
730 719
334 2889
1414 1458
257 1087
257 2060
158 1822
334 1760
107 1454
334 968
3711 1460
1270 1131
176 308
3711 1491
619 14
257 1232
334 2838
453 546
492 1341
1281 1445
334 2450
334 3947
1281 2559
15 2907
453 390
932 933
734 884
136 201
67 724
3770 1270
582 583
496 2445
257 627
257 957
1414 1510
158 592
394 2002
334 1839
185 650
994 1599
992 993
39 40
441 859
1281 659
2530 2533
453 2659
906 705
46 957
1281 1682
605 1423
1281 1975
334 1490
154 1234
329 928
668 921
453 2643
2530 352
1281 1861
334 3719
453 2774
1050 3
453 1609
650 2605
329 939
453 570
15 2900
453 302
797 798
107 1505
1281 2725
706 1556
1281 1503
1281 851
636 232
2530 2546
334 2659
1281 1999
668 942
496 2019
2530 443
128 129
385 574
453 1325
490 888
613 1983
576 731
15 1357
334 3249
453 1600
2633 2646
334 3115
394 1228
284 278
453 665
844 813
136 969
15 517
1719 1683
334 1273
37 977
15 446
334 1610
334 1745
1442 1279
668 1699
635 32
596 586
394 3154
879 881
512 202
768 14
107 1996
137 512
15 2720
2530 2563
15 3810
334 3912
453 882
453 1065
2678 3698
1281 2152
453 3988
453 2601
601 398
334 1198
334 575
668 1684
257 2627
345 943
794 798
334 986
1717 757
453 2605
1281 1107
1414 1349
1281 1352
3724 3728
257 2735
197 500
334 2636
15 2452
453 1950
3711 2001
1101 1110
2530 2585
3711 1474
1281 1868
3 6
334 1453
2530 894
608 981
107 1977
453 2559
15 3879
97 2679
334 3608
