528 516
300 8
375 15
116 183
1120 1137
513 1572
436 715
407 424
226 699
1250 548
831 112
316 57
970 1632
841 127
3 530
1397 745
46 228
654 142
436 672
1826 1007
285 216
1826 1009
511 207
226 1523
152 151
281 1345
109 365
79 1357
818 823
328 1244
31 678
818 697
759 2463
79 1352
841 105
960 1363
316 1018
2529 1987
2792 1
76 77
983 2397
190 178
258 378
490 1006
960 890
835 836
394 332
108 114
220 318
818 223
257 227
238 1036
6 8
1252 515
2 81
6 45
876 2862
861 1142
553 680
226 245
191 226
90 285
82 956
202 1064
11 13
14 649
581 197
267 266
152 173
488 351
56 135
276 623
1437 2692
394 19
2513 788
431 12
79 637
3784 522
780 1017
540 713
960 1345
280 392
3681 3682
1832 178
393 227
154 510
79 784
5 57
2898 3181
3741 559
840 178
576 685
1535 1536
61 60
3745 1042
453 203
321 910
229 233
3747 780
1137 3755
444 720
179 715
95 769
2455 482
901 2903
1045 1151
1959 539
1384 1250
1614 137
600 974
192 127
450 7
1643 99
780 437
320 97
378 788
288 450
861 2464
1665 476
298 332
2007 170
1279 515
960 784
407 714
46 81
69 104
1762 3746
3 280
257 536
184 434
154 393
705 709
226 600
719 709
192 178
780 2178
459 410
509 854
1279 516
85 1114
6 147
1766 1646
658 63
109 443
99 2315
954 844
344 442
190 127
93 368
97 257
319 320
492 1120
163 637
490 1004
1614 201
1017 153
163 1539
163 650
196 402
151 238
468 2
3601 1761
192 105
79 1359
780 1752
49 92
79 1354
813 748
326 320
167 1282
1022 709
794 2514
2455 435
1350 2376
473 328
50 283
155 475
818 825
316 280
238 446
226 702
5 905
220 320
373 1320
692 48
1581 695
1249 176
100 190
867 1
55 596
443 197
93 868
571 573
796 2514
233 735
1019 193
1201 2742
490 993
1232 1201
652 1552
1259 28
1024 199
395 105
490 263
687 688
176 127
29 159
281 418
374 1064
92 48
865 2863
957 1646
2 531
140 179
839 841
228 1377
818 827
728 461
444 709
275 82
109 205
316 182
173 257
697 208
436 407
129 2527
444 728
3764 554
369 490
194 220
163 1349
163 1355
315 988
780 3052
294 245
3785 1072
108 142
671 1665
1790 2790
993 998
1766 2239
345 2470
818 830
276 305
852 127
93 115
4078 243
861 23
811 812
79 1360
394 1576
291 178
191 178
175 57
2864 1080
54 952
109 2502
789 790
226 243
279 370
952 1665
273 320
445 709
378 784
6 144
355 1075
85 1409
511 196
576 686
155 694
667 692
143 1344
1395 1396
402 34
2738 581
187 129
854 1114
831 204
236 45
152 489
765 868
173 66
1119 745
52 2447
85 287
202 737
314 56
129 163
780 178
32 31
191 843
5 46
210 346
2549 2540
700 2595
355 1077
46 136
410 690
713 714
166 1364
1146 319
655 656
85 1111
850 48
47 223
908 1950
331 332
1252 633
1151 1914
1120 2380
378 1021
2739 581
571 2392
620 2426
174 283
468 328
818 591
3 5
129 245
1098 530
536 623
2455 184
402 323
490 1002
345 604
315 2524
141 241
1461 3755
490 527
1096 1097
960 418
6 280
309 654
225 1987
689 410
505 46
818 435
62 638
3181 3690
490 120
82 590
2426 832
3 4
991 990
2277 178
7 14
9 194
2898 824
839 178
1656 960
49 48
436 424
158 163
2455 434
538 771
2864 98
540 714
79 1363
941 2463
671 475
1074 353
281 1346
3765 3766
5 157
960 178
173 536
1120 231
680 367
163 1353
281 1350
854 14
102 153
1017 462
57 672
100 703
129 407
394 303
363 613
143 165
5 45
1677 756
258 2502
960 1349
2447 53
2197 780
14 768
536 679
728 719
2518 2463
705 719
225 369
163 1362
909 911
94 106
163 1345
2864 1561
1018 514
235 283
278 279
490 834
436 435
423 182
854 287
19 20
1384 955
3739 233
436 350
175 1040
831 197
378 778
109 47
818 564
831 2742
641 642
780 819
2239 436
384 346
100 201
407 713
720 709
142 357
768 109
423 57
52 1523
137 532
488 717
697 844
129 570
179 540
495 259
652 14
581 84
867 1918
44 194
281 223
3130 1130
1366 1364
1147 94
441 858
652 1409
3753 378
960 1352
780 2924
394 1251
163 418
705 906
436 630
233 180
854 1111
2217 2511
101 153
543 868
1120 632
162 1081
345 2469
798 2514
634 178
1232 3673
1121 1761
68 1125
1117 85
227 236
378 786
2456 946
620 342
194 45
309 655
407 540
960 549
175 997
57 291
24 1204
620 508
243 634
274 1130
378 774
960 1356
231 495
1250 742
14 15
424 715
436 182
345 2471
3741 2277
179 713
140 128
85 14
993 992
95 301
174 156
359 305
5 281
2864 1649
2197 1520
252 2426
719 950
647 648
144 244
163 1356
136 336
378 243
488 661
48 243
1759 368
1232 1233
747 1019
876 1771
163 1351
163 1358
960 1347
818 831
716 1582
52 101
1279 633
129 548
780 3752
57 637
66 227
14 179
280 60
818 821
1041 1042
129 535
3802 3803
267 513
818 350
258 3749
861 608
191 105
1282 1437
867 79
818 194
373 1586
320 221
174 253
163 890
1643 2778
258 2
273 82
352 793
1117 515
861 862
315 2393
26 8
436 316
368 868
173 227
233 135
54 671
355 1079
837 838
654 655
394 626
1259 462
142 948
147 46
288 490
258 1576
281 1348
1424 1632
960 1361
345 927
861 610
114 309
1384 978
541 868
360 1040
395 178
757 669
312 233
363 336
472 167
735 1129
436 232
109 363
162 1683
2502 793
202 437
3337 2376
180 435
663 664
378 781
2742 2743
124 309
1670 1671
68 163
1646 317
1281 63
705 844
136 983
96 197
3681 3683
1766 109
400 588
705 720
681 682
82 589
235 761
488 3740
490 357
2399 538
795 2514
3130 393
813 1987
530 1238
378 776
121 160
490 733
1615 201
373 1378
373 320
1232 559
750 748
792 2514
520 14
174 1196
378 2453
954 813
279 94
171 705
912 678
489 238
129 141
235 174
3058 2007
1397 744
1423 2664
11 726
185 649
960 47
140 141
960 1354
490 502
637 5
869 109
861 2398
489 446
154 3711
174 2874
827 910
444 719
207 900
465 514
1201 559
1615 137
861 2396
220 257
95 1914
1120 696
294 104
960 1350
298 320
252 251
2737 581
436 184
383 322
473 742
378 772
229 339
490 884
5 233
353 355
432 648
394 220
61 1018
973 824
106 127
194 3130
179 714
144 312
291 1
748 749
114 654
47 228
572 709
252 273
33 127
184 435
300 869
109 442
2 526
793 407
163 1354
129 178
397 45
819 832
95 768
867 3748
1409 854
1232 1235
129 2399
2 151
2457 2458
1151 1044
818 497
505 193
889 99
2516 2131
1147 23
1251 741
143 392
258 109
833 63
142 789
394 994
490 132
281 1354
402 394
581 14
829 1057
320 1378
267 1424
432 2294
852 178
224 844
365 197
436 561
818 616
1886 233
79 1356
176 105
793 2514
672 129
861 226
861 1139
32 119
232 105
298 331
407 715
351 3146
209 57
444 171
647 378
818 822
633 328
19 231
135 314
44 45
395 127
735 175
840 105
2453 780
490 1005
718 410
511 208
46 394
465 105
867 436
913 368
2675 23
109 3146
770 771
19 259
14 1665
46 109
327 63
144 125
682 171
404 3736
780 1241
3601 617
78 1212
95 109
488 960
9 10
96 365
668 669
1038 1039
839 105
225 527
177 127
56 233
1230 520
2 163
1646 2498
461 449
226 698
771 772
174 48
174 3712
652 84
2462 530
298 373
831 25
201 512
155 476
1243 11
1019 46
2 34
841 178
177 178
867 317
1250 1251
1022 705
695 393
79 1351
45 129
225 705
202 738
345 2468
528 515
73 842
635 761
220 451
226 342
444 705
1232 1151
129 2526
960 351
3751 1031
444 445
818 824
1347 3181
436 57
355 1076
1436 2692
960 1358
1281 85
3559 1596
396 178
1201 1151
819 818
70 14
487 223
227 1130
378 783
431 13
709 721
719 390
2467 127
2 3146
541 734
378 771
2512 1696
129 813
444 682
340 538
166 2692
719 746
1414 3679
960 1346
301 869
124 654
1259 1017
5 1237
3559 1430
3 300
174 159
23 586
392 530
1255 1256
1670 2627
983 336
79 1361
136 613
2455 182
345 2472
2467 105
1575 1724
843 178
170 47
5 291
462 390
163 1346
9 393
1391 378
315 2394
1120 194
174 294
396 105
3181 973
177 192
363 2740
444 721
345 459
520 339
218 3803
360 735
1354 3181
378 785
226 104
258 3740
48 178
259 231
1378 97
84 63
309 656
108 124
298 266
79 1358
1672 1717
202 736
64 1409
831 380
639 365
2633 782
2453 2454
652 1111
490 1000
49 104
289 1040
109 170
224 225
1949 1950
1025 52
142 947
756 690
682 709
2513 771
396 127
2239 973
163 223
490 241
397 2
1281 473
727 228
904 905
145 433
727 47
1891 1064
490 321
532 100
378 615
1777 2466
1248 176
202 201
657 865
920 2463
489 151
1298 1860
345 1683
960 950
216 260
1033 238
867 973
121 1019
1091 274
15 691
515 328
105 106
154 695
437 3743
318 221
1121 2898
1072 1073
28 390
109 973
989 990
129 179
856 857
96 109
652 1114
320 1130
570 623
831 309
832 3181
843 105
465 127
345 942
844 1987
2502 973
238 1035
532 368
1029 1030
436 540
108 654
79 1353
159 390
163 1361
513 1632
561 630
1378 98
23 55
818 828
960 1351
1252 516
530 2463
509 2514
382 45
163 1352
431 865
1017 390
655 1045
63 328
378 388
44 853
818 826
378 291
861 742
258 243
683 716
100 138
677 676
145 867
488 1019
2 575
216 2816
9 154
163 950
355 1078
705 813
162 670
1247 176
324 380
1120 1121
273 274
129 147
47 81
90 216
147 575
378 2454
818 820
378 780
250 631
1098 2462
129 842
82 168
276 156
1914 2567
735 289
44 760
1424 1572
394 259
3146 2113
129 1251
613 336
669 932
861 2399
914 346
250 2517
861 2397
1232 1234
435 434
327 657
443 442
1585 298
1766 867
1064 53
424 713
697 705
1151 2567
44 10
2066 85
839 127
95 2567
572 705
179 424
867 818
424 714
993 864
46 336
960 637
2 2461
529 761
844 748
983 613
780 992
266 539
650 782
1232 208
109 197
378 787
528 633
436 1018
258 634
176 178
1250 741
93 734
1201 1204
109 178
960 1355
231 128
129 55
323 196
3738 233
600 973
719 951
666 91
913 734
69 48
366 81
1120 860
291 515
52 159
378 178
226 701
194 221
144 56
652 328
3181 1984
493 670
620 2517
394 48
3181 178
909 910
207 697
162 410
109 769
98 97
298 121
465 178
500 233
68 34
363 2741
697 748
2700 3108
490 1001
1665 694
77 524
79 890
163 1350
378 775
383 402
315 129
818 829
226 700
37 22
145 432
220 373
3562 475
218 3804
79 950
900 1254
867 229
281 1347
444 729
916 917
423 561
2467 178
666 27
960 223
174 3711
359 189
436 482
2 498
32 1523
97 173
1832 127
5 147
767 47
280 61
430 233
2898 109
177 105
436 628
303 535
993 999
179 407
174 154
635 437
141 178
85 1552
105 852
162 493
436 824
2474 782
190 105
166 1367
1 2
1665 54
444 572
1832 105
175 344
1955 1064
401 354
714 715
129 3786
171 720
531 705
275 274
266 276
916 583
960 1353
917 583
378 782
955 203
1232 322
533 201
2989 2924
287 671
268 664
163 1363
378 770
766 231
129 291
425 394
226 534
106 178
235 48
176 840
694 671
780 739
1766 3181
228 408
1413 475
394 534
652 287
424 540
275 320
429 1436
2462 2294
378 779
540 715
108 309
31 90
861 424
780 3753
378 773
528 291
960 79
1137 742
705 749
382 2
238 1034
637 6
989 1387
717 81
2197 2070
394 2399
602 600
713 715
129 394
474 742
2513 279
197 442
354 341
378 739
84 613
276 222
437 536
301 769
3744 323
428 2463
1546 1414
178 407
1646 3754
3756 3757
683 684
316 14
66 245
15 1281
694 952
378 777
707 535
861 1230
7 56
163 1359
276 536
843 127
1120 351
5 193
31 234
797 2514
960 1362
436 629
682 705
582 583
490 1003
918 2463
144 135
474 328
322 402
1232 1236
129 66
783 1
3081 3113
55 586
436 636
2863 3742
702 973
960 1348
840 127
1 451
109 436
1253 1254
226 321
258 1138
780 3749
171 709
171 719
79 1362
114 25
6 24
445 705
1137 3181
780 3758
194 1320
221 383
388 98
84 85
1159 432
191 127
2455 502
392 300
984 49
385 574
275 223
432 647
658 115
823 2463
854 84
844 813
3741 960
129 534
85 328
54 694
2277 2239
86 354
549 410
281 1349
511 141
321 359
1032 238
654 656
258 783
1120 197
462 153
349 129
488 352
394 147
1683 1057
1403 233
1281 515
2864 388
553 367
174 570
52 2217
5 1201
290 289
721 705
1238 2463
3 6
