704 709
329 604
1056 923
3794 3795
851 922
654 309
444 576
171 444
444 572
276 189
851 918
851 755
434 184
876 1771
434 435
329 1683
171 720
821 413
329 598
461 711
165 143
1007 705
434 502
182 482
719 720
444 731
716 1582
407 424
329 345
1056 919
1244 328
851 1677
434 482
329 758
461 1023
704 705
1955 1871
171 682
704 719
704 1011
1056 829
329 924
329 1677
1056 921
462 1017
1056 1058
891 892
851 668
719 445
704 171
329 926
329 920
90 467
444 721
329 918
329 669
1007 711
329 934
540 715
851 753
444 950
329 932
851 930
329 670
329 756
329 410
407 715
289 360
851 928
329 162
1056 1059
851 1679
329 281
851 2525
851 941
851 758
704 449
540 424
719 729
329 941
847 3787
844 748
329 603
329 751
329 3807
1955 1962
329 940
444 709
1528 1263
704 1007
100 737
56 135
444 728
851 935
851 752
1056 1062
851 211
904 905
329 830
540 713
329 1711
329 919
182 434
329 1059
329 923
1056 941
432 145
289 175
329 755
1790 2790
1056 1057
891 893
851 921
851 330
276 305
1081 696
851 934
851 345
1056 922
329 851
407 713
851 3057
329 1060
704 1009
61 60
329 933
1790 2769
329 921
3737 328
2519 2521
161 1017
461 449
2399 538
851 830
329 1712
444 720
95 769
704 682
329 752
329 1686
329 935
329 459
704 444
329 928
444 730
851 932
171 709
329 757
329 939
182 502
171 719
171 705
329 668
329 718
851 939
171 572
1007 449
851 923
461 1007
329 1371
461 1010
1056 920
851 850
329 2525
851 669
704 711
73 842
851 756
329 1697
171 721
704 1010
161 462
444 705
407 714
2519 2520
444 719
329 927
891 894
407 540
329 922
444 445
444 729
57 291
329 211
719 728
329 753
435 184
1056 918
704 1008
182 184
821 1631
704 1023
56 313
2395 1385
851 281
100 138
444 732
1056 1060
851 920
329 930
329 1706
3710 1064
1056 1063
671 287
1056 1061
329 330
851 751
329 850
258 1589
329 1679
182 435
444 682
851 757
329 3057
1955 1957
171 445
704 448
851 919
