587 276
312 25
223 275
664 485
2077 1686
1266 3
595 365
6 94
60 559
570 394
127 190
1645 233
197 474
443 1584
1150 1149
316 57
280 521
439 765
1131 664
1136 1140
61 182
123 1344
322 383
1018 641
302 283
97 816
31 53
3026 110
3 465
446 1153
379 1255
4081 4084
1753 24
461 448
1523 535
253 31
1036 1035
153 2400
1165 1176
174 481
147 187
327 39
3 1584
1140 1166
1081 1543
38 94
25 58
249 316
656 96
89 397
109 450
485 1181
547 314
288 609
559 246
327 286
11 13
1173 91
765 1176
242 69
147 194
1169 314
310 425
1176 1175
1163 294
219 1114
52 53
309 35
4081 1114
244 182
94 14
332 600
286 45
232 360
50 92
1138 89
430 314
5 470
1003 1376
797 1181
1126 89
2455 181
1152 286
144 109
344 1014
460 2
1137 656
1131 696
294 113
1626 614
316 3
1018 233
453 203
66 431
67 439
288 219
94 1761
655 609
521 290
2350 457
291 314
1391 3627
559 292
370 2678
559 3
1146 501
216 90
55 14
291 473
886 246
1151 62
127 177
288 450
1169 1167
109 475
181 184
4081 3505
606 46
219 4
316 289
184 434
62 316
327 394
861 350
2871 1594
288 1191
4081 3769
1171 1192
316 424
90 92
309 199
1132 286
286 1184
2455 436
181 3
901 1190
94 946
412 1081
97 1135
216 226
3026 6
609 290
601 792
199 868
66 600
132 138
95 62
237 6
316 145
1081 1268
1169 8
199 365
177 94
1198 1197
547 4
129 349
63 64
199 246
189 64
655 1158
159 32
522 1170
2 289
1136 294
220 298
23 94
1175 522
288 509
184 280
655 1149
3736 308
2455 435
176 359
359 331
332 609
439 1007
39 492
53 394
66 2481
1669 288
288 4
291 56
5 1584
1138 1181
288 1152
28 740
97 1183
286 397
5 1050
1120 84
608 587
263 2687
125 365
66 46
6 56
1081 2477
97 679
176 127
394 242
123 165
292 742
1584 125
1142 521
394 174
27 30
1672 329
1131 868
145 3
2367 98
94 189
370 1916
288 1169
547 380
12 476
47 487
1025 1523
491 198
601 94
1391 973
1145 1175
75 562
91 31
292 656
57 175
664 1114
1129 379
1129 5
208 151
189 84
66 655
2263 788
1176 290
1141 286
567 219
228 47
4 135
1136 1184
548 1250
149 336
286 1196
49 52
38 1147
66 310
292 293
96 398
297 679
263 2053
128 147
1645 642
1047 1398
470 3
490 128
497 562
327 476
901 601
199 656
288 199
236 129
4081 1890
250 25
8 109
1039 2406
28 92
316 435
147 1576
3 25
792 89
195 254
195 209
539 33
175 521
1241 1242
332 356
1255 125
476 89
851 346
219 1176
1645 769
62 109
92 52
55 1147
359 22
199 294
174 188
1136 792
664 231
13 328
1138 382
677 410
291 1176
89 356
769 62
528 365
866 1667
235 31
117 505
991 1537
2455 184
1142 1147
609 294
292 198
188 480
1175 1195
250 197
62 335
7 25
336 389
1210 642
375 4
195 1412
2465 2263
452 609
831 1210
1391 601
246 248
110 113
147 151
62 246
292 382
547 540
335 57
181 316
2455 7
3 4
2455 314
203 649
182 6
901 1171
199 125
901 1166
886 286
655 765
765 221
485 1173
370 65
792 356
94 1916
54 56
434 3
1081 1409
4081 4088
523 189
1169 541
63 39
523 307
1409 1408
92 242
1165 656
655 1150
66 1112
1169 521
291 60
37 602
1409 64
1173 522
1388 1390
595 96
12 1414
61 291
4081 1181
90 243
1188 382
48 52
547 175
1153 221
310 147
1147 370
436 435
365 831
655 1142
66 559
125 466
316 642
3 521
66 1564
1114 1171
450 55
74 439
1391 65
37 1409
655 199
595 1171
215 671
182 135
350 181
316 184
2745 67
765 89
522 656
1147 570
563 181
1378 326
1130 1425
89 1185
95 8
1175 1177
66 2490
233 289
1149 522
52 31
448 449
112 113
1131 485
626 5
101 153
1204 26
3735 983
392 3
363 362
60 1114
1169 425
97 485
325 635
14 71
60 1142
583 1579
257 298
394 32
33 34
609 1178
4081 520
508 34
66 2486
886 1114
288 290
197 443
309 58
765 290
219 1151
1129 125
1201 1170
101 102
332 14
550 33
128 141
66 2143
267 75
289 498
227 222
25 204
174 49
792 14
350 135
2350 1593
266 298
1036 1033
1081 2476
53 467
23 40
1156 24
1148 1196
144 244
125 135
547 8
280 14
1281 280
219 1255
33 190
4081 2033
1081 1581
159 29
1120 109
123 125
14 946
24 113
1172 1171
328 84
370 2677
1018 109
136 3735
485 1195
75 2639
2399 39
62 1199
22 65
234 242
184 424
1391 3516
2679 326
485 89
1158 1195
267 513
65 331
733 693
187 44
232 314
286 1170
327 294
655 3
601 1174
568 292
286 1202
324 521
1251 55
439 1171
66 1664
82 83
14 365
1081 2225
336 362
182 314
62 8
60 314
1753 25
1151 286
1142 1167
6 1584
250 109
38 40
11 277
1645 365
1081 372
151 163
288 332
1404 358
550 109
124 25
257 615
227 189
159 97
234 69
1025 90
250 6
97 518
215 476
655 1168
379 123
159 119
2871 1265
1145 729
1137 1184
327 276
97 760
97 364
291 8
1210 2914
792 1137
124 309
50 243
196 82
6 473
1126 286
39 600
1391 587
1156 165
400 588
286 868
45 220
1150 1148
195 388
1146 89
145 6
39 1408
25 473
473 474
6 1050
396 190
119 32
365 290
3 62
147 251
60 8
97 1141
1036 34
655 1199
235 49
470 289
1626 153
2350 1175
544 127
586 1409
1576 1014
2455 424
601 365
3133 3789
1081 5
254 255
4081 1072
624 195
560 1202
532 137
149 1031
140 141
1753 642
656 25
1166 1170
521 1181
28 1559
1120 379
2877 390
2748 1443
767 497
1555 618
125 231
123 1175
4081 400
450 187
567 96
4081 3927
1645 197
147 231
2871 1175
147 223
2486 972
436 184
219 642
23 827
910 65
309 219
327 952
1135 1192
291 292
1114 1148
327 1171
1136 246
96 466
792 1199
174 1203
74 1202
52 394
2687 2688
1584 292
227 242
91 29
491 25
61 561
434 6
521 116
1146 522
601 1163
41 564
28 614
2455 3
33 127
184 435
40 1408
365 62
321 94
424 471
48 53
567 125
394 29
292 125
181 57
4081 2988
91 30
106 129
426 474
363 338
89 425
679 394
1210 360
4 609
4081 1019
66 608
1129 291
227 257
635 98
199 485
1174 356
66 935
106 236
549 33
109 335
655 280
2492 3674
55 370
336 338
254 273
1169 231
266 121
60 1141
1164 1163
135 314
52 90
174 243
601 1182
2453 780
446 89
267 138
1120 434
184 25
250 280
196 627
559 293
205 398
1266 6
201 1575
250 5
1532 1531
885 656
1182 356
231 656
237 147
109 476
2350 1594
23 565
3026 5
144 125
655 1166
217 409
559 656
1145 1168
587 332
68 2
302 45
288 3
227 390
1114 792
181 5
350 179
2 1131
370 109
595 139
2 163
197 473
1147 1170
314 289
276 55
545 33
22 158
1576 344
655 1145
513 137
901 297
2688 2053
288 360
219 62
297 266
436 25
288 601
129 446
54 189
1025 31
491 4
2 34
4081 632
1210 1584
138 147
177 178
66 2492
100 202
601 394
114 113
1147 518
100 137
219 656
22 64
335 309
161 29
395 396
53 30
219 365
56 25
394 535
53 234
227 627
97 1132
827 586
476 693
6 528
1114 1176
1424 138
96 972
661 294
237 178
434 182
655 868
97 325
267 497
518 222
305 287
677 944
60 62
1010 356
267 178
288 559
476 276
3 143
1126 1171
4 831
332 601
292 94
559 1176
14 294
365 1183
2544 2687
1584 769
250 497
1129 568
314 3
1157 1142
1139 1137
1741 185
1150 522
226 66
451 382
110 205
901 27
55 331
655 60
123 290
1142 1169
470 471
235 242
52 195
1043 178
370 1149
33 177
185 174
635 97
446 656
94 2678
327 1408
294 55
290 183
292 365
199 1138
27 28
291 7
3 656
792 1196
177 192
430 61
1584 205
1081 526
285 90
141 174
109 3
499 279
1584 109
117 325
97 696
377 378
2455 57
485 1175
1614 126
476 901
1344 143
106 44
13 294
499 278
339 520
117 275
705 242
110 309
288 1114
316 139
1370 130
559 25
3400 1556
149 3735
3026 61
866 595
866 1666
19 141
224 225
1025 52
439 792
69 650
195 2406
250 1169
221 1170
276 596
4081 798
129 231
18 3
901 640
159 467
547 291
128 599
567 438
60 182
61 6
4081 2050
359 332
45 178
1149 1148
581 45
1156 656
1645 109
831 656
316 291
73 139
138 1402
39 1137
327 570
297 276
124 559
234 51
3400 1158
491 656
2269 1966
219 175
604 46
581 183
521 199
3 291
14 139
56 289
1152 356
1410 1411
66 2482
601 89
38 37
1281 5
21 558
159 390
587 356
66 656
4079 414
3735 2004
4081 2801
61 14
226 227
450 4
567 109
356 831
33 2
1168 656
327 694
4081 30
394 92
288 280
286 792
140 178
233 175
851 3659
324 656
593 594
1204 109
1081 162
327 439
250 33
370 332
1156 109
677 676
553 1867
23 39
61 316
62 205
250 60
1047 1401
765 1196
765 175
443 379
298 319
30 92
1391 972
370 26
382 397
760 1176
178 1171
309 246
94 40
392 4
1391 55
356 394
608 521
547 292
71 33
1047 1400
2872 457
37 1408
189 586
1149 601
205 5
129 147
462 1547
1149 1175
5 4
327 54
562 2384
735 289
514 652
38 41
1081 627
292 1138
4081 901
2217 52
327 1126
22 1408
56 454
5 246
655 198
375 289
247 293
2679 325
12 94
446 1154
60 765
1081 152
165 4
8 25
232 5
94 1149
792 1202
886 559
176 33
1669 530
4081 4085
291 528
1204 25
243 49
591 19
32 90
219 292
521 831
14 72
2263 378
861 1109
109 197
5 60
4 7
66 2485
97 797
92 479
147 446
3026 289
1135 382
485 382
567 248
37 305
1018 559
69 48
232 290
546 33
289 45
52 159
1142 1141
370 331
1166 656
204 4
375 3
286 231
106 73
65 332
7 547
291 365
559 365
289 184
69 302
233 3
68 151
288 696
545 64
767 250
1391 602
316 559
370 365
48 242
52 1267
257 121
1169 1168
901 1164
451 1175
37 22
188 481
5 312
193 602
404 308
365 95
66 1008
175 125
393 45
1081 1658
220 82
53 240
27 52
1159 570
851 598
359 189
51 31
129 1171
901 292
437 100
204 109
677 603
2465 378
316 6
37 601
346 211
288 541
331 602
89 1181
2745 564
53 195
329 330
67 1438
62 224
90 242
883 1169
28 90
2399 23
470 4
2871 458
618 619
797 901
108 109
100 34
5 44
1141 89
1039 88
7 450
365 25
360 521
436 351
110 5
2066 520
66 109
470 360
224 292
275 274
266 276
327 1176
18 6
90 51
123 365
233 5
651 302
608 765
4081 727
595 145
426 473
66 359
23 1147
1166 35
235 48
1204 114
513 138
1018 60
2511 52
362 136
62 1043
50 242
970 1017
2872 1265
234 390
6 474
244 184
34 263
219 123
816 679
696 1184
609 656
1025 32
1145 360
97 792
628 232
450 244
4081 4082
601 231
1405 1406
4081 1210
476 439
288 356
233 290
302 185
129 394
4 521
1753 641
1171 831
37 600
656 24
1138 1185
25 474
177 406
327 1170
327 655
55 332
253 90
1138 1137
24 309
765 280
224 109
1081 1218
365 360
2745 1120
63 67
52 243
95 199
97 1190
1164 1180
31 234
199 522
222 587
66 696
1129 514
1210 290
30 29
1344 291
624 625
286 14
591 45
47 259
509 286
4 94
117 209
866 96
901 587
286 1137
64 602
14 861
916 168
130 131
199 1143
4 314
129 225
147 220
1120 184
25 126
177 258
60 561
261 262
1114 609
331 320
107 1414
84 85
655 324
288 286
27 32
191 127
110 559
143 125
350 232
2872 1593
4081 175
394 226
82 274
4081 1534
806 55
320 2427
291 125
196 195
906 14
1410 3105
25 26
11 276
25 62
222 276
1669 145
303 461
765 1147
1146 1166
765 14
292 246
66 1289
519 416
40 64
335 292
394 147
290 135
3 474
254 302
394 310
263 2688
2465 788
5 765
327 60
48 92
233 125
656 8
182 435
1645 521
481 480
277 189
514 39
655 1167
197 199
199 290
547 46
1131 1191
4081 595
124 438
346 598
1153 1149
3 292
335 175
63 66
159 90
567 466
608 656
1156 655
37 64
571 329
696 518
116 183
1388 1389
4081 1566
182 482
901 175
124 8
522 275
2749 1443
216 174
66 2016
235 92
295 296
250 1645
1207 4
1169 25
46 228
608 601
1150 485
60 491
66 1153
797 286
1169 831
4081 2780
1210 1293
696 1148
219 60
1321 246
124 292
767 2142
125 246
24 25
62 1177
1531 1350
901 1169
1717 330
1145 91
332 294
88 89
69 2634
587 609
1645 116
1157 89
94 96
1145 125
177 73
430 56
220 318
4 1176
189 327
2567 25
27 390
265 264
96 3
126 138
314 360
1210 289
94 308
394 235
61 1050
1192 246
14 862
88 195
229 74
69 2474
178 358
267 127
760 365
1154 297
97 1146
66 2483
1130 227
533 512
30 32
450 125
4081 120
291 280
55 1409
1655 1741
547 183
559 109
550 197
199 292
229 658
14 520
40 1409
229 139
901 521
345 329
563 57
2455 482
199 1156
547 61
127 292
195 92
514 316
611 612
109 175
1190 31
189 1408
147 236
359 222
192 127
608 1193
1152 219
35 1156
393 9
36 35
94 1207
1137 89
22 558
655 521
2872 1175
288 1142
66 2399
491 521
1131 439
66 2491
298 332
603 178
123 4
229 316
25 428
97 1162
350 351
448 527
66 246
69 1741
227 29
390 240
244 232
182 222
229 665
326 169
90 234
563 232
5 1176
1129 292
1250 1418
263 3680
178 1126
73 178
765 656
61 5
97 257
220 9
291 33
61 608
449 476
216 285
30 52
8 61
108 110
1266 5
916 1579
288 6
1132 518
526 2
596 370
365 224
4081 488
547 290
49 92
25 205
512 1081
656 293
748 705
60 175
66 2480
432 365
174 242
332 602
3026 3
410 459
126 106
618 39
1584 608
126 190
765 360
491 3
3 365
66 12
276 394
583 168
1146 1171
282 45
532 34
235 69
677 336
27 462
382 264
207 151
219 601
97 276
27 1173
317 139
883 294
851 459
1120 14
25 60
861 60
140 179
1047 1402
466 568
325 326
450 559
490 543
289 575
316 182
1136 655
4081 1152
901 382
2131 117
603 46
2745 1132
229 14
175 6
1645 491
70 586
495 599
655 332
4079 1370
765 112
97 326
2872 1594
73 66
2687 2689
696 1137
52 174
1114 1177
2454 780
2742 25
1138 485
635 326
97 1153
2872 1303
244 436
628 423
1166 356
165 3
370 1761
547 197
1753 5
235 243
191 33
532 201
1439 1440
1146 297
316 290
242 52
277 245
246 247
380 474
1117 64
8 26
1344 360
603 605
901 1192
439 1202
94 2230
626 6
1153 1181
66 2489
192 33
60 316
601 246
147 44
2748 107
66 2479
152 489
159 27
4 291
236 178
1174 522
48 50
250 61
390 29
275 252
32 31
199 1160
561 3
1145 1169
4079 3450
39 601
210 346
1137 294
97 509
4081 4086
370 394
1391 596
189 40
364 227
629 563
2745 1202
94 109
98 325
222 586
570 209
70 33
60 608
628 57
1120 7
174 209
465 19
1140 868
73 127
234 240
267 146
1157 1172
2871 1303
52 1271
656 5
379 125
3771 2639
74 312
31 390
522 1185
627 195
28 91
30 90
229 1668
110 197
199 60
2742 197
1081 531
314 25
2585 363
2399 861
394 49
485 397
224 205
1415 1414
655 831
1025 209
768 25
61 559
1177 1173
1146 27
250 8
508 2
24 26
547 6
109 641
294 276
291 521
316 436
123 1176
1081 1659
1156 1204
450 183
60 609
1136 587
1391 974
5 45
288 1153
394 90
1166 109
4081 1040
436 1169
1584 899
246 293
1723 2674
446 1181
53 174
136 363
370 2230
55 1408
185 186
288 1149
1753 656
197 466
2269 3731
12 14
1137 1202
432 145
5 521
99 100
436 350
2585 2678
1169 197
1172 831
100 201
1391 94
97 446
595 14
3783 1158
52 1523
165 473
126 66
92 174
109 360
199 291
1129 35
195 234
866 1171
3 1176
97 1192
868 335
65 431
365 1914
547 5
292 626
1169 292
1018 61
570 31
66 1723
655 4
601 661
1145 1191
901 60
4081 96
84 906
199 1176
204 3
129 1126
199 1167
608 294
134 128
147 245
450 3
1405 1407
22 492
1129 280
2745 22
1281 6
459 604
1137 474
25 109
1153 89
792 570
219 291
22 1137
1201 602
291 57
394 31
1139 1202
109 474
436 182
74 339
28 30
613 363
109 4
3806 1373
1147 609
66 469
23 623
7 8
826 146
93 94
1148 522
1408 64
529 45
5 280
562 1202
901 1141
1081 3
4 365
1266 1281
601 831
604 45
4081 310
195 391
62 96
294 1147
851 603
616 617
370 14
1753 1029
89 209
661 356
22 1409
1200 1201
1 264
1169 62
1741 283
989 1537
257 621
60 139
126 73
1156 1142
174 175
147 250
60 360
165 292
1176 382
199 1144
606 605
1381 1150
3 246
181 183
124 110
66 292
6 314
280 609
693 439
1251 596
126 33
126 58
1269 566
320 221
4 656
327 287
446 3
331 601
25 591
1910 248
288 491
901 1194
1424 137
60 656
53 32
1404 128
5 219
450 316
298 411
233 4
97 31
1966 1919
201 422
886 365
316 5
446 1159
851 329
219 290
327 280
199 382
1584 110
28 29
627 273
4081 2215
1914 25
129 369
359 94
363 336
1159 1197
797 696
327 365
1269 39
110 251
250 75
851 211
2871 457
159 1523
1010 1166
1169 205
434 5
2263 245
305 307
68 163
3771 3350
1251 862
96 197
657 39
94 1562
66 2488
544 33
1753 8
1803 101
1120 439
533 137
2872 458
97 467
402 627
12 431
280 62
866 365
294 94
117 97
901 1186
1176 360
901 1201
1201 1044
66 921
428 145
279 94
52 467
280 528
3026 521
42 1418
1165 365
235 174
655 541
1204 96
1142 1159
2877 53
2455 316
365 356
1140 1137
1584 60
696 868
6 7
1182 294
125 25
280 474
861 5
73 94
1122 96
127 5
450 45
1146 1145
450 25
216 92
220 257
765 1169
14 723
113 33
500 280
129 45
14 1230
618 1657
1120 424
3026 655
182 184
60 4
1149 356
608 286
1126 1181
1803 52
1204 24
1146 1157
106 127
424 110
1081 1750
314 8
144 312
290 246
289 312
696 231
199 1255
135 25
24 559
57 5
5 6
629 314
227 1523
531 226
1383 1583
5 56
1171 1181
39 41
145 5
37 40
94 370
6 521
1134 792
327 475
6 312
497 2639
470 6
275 1206
265 1
197 25
51 52
267 1424
339 55
655 570
189 1409
62 1166
320 98
199 349
94 394
224 844
1556 89
47 46
3735 336
450 175
124 24
55 520
655 62
222 304
52 234
298 331
327 40
595 316
628 181
3735 1414
23 359
19 231
2350 1265
571 603
4 56
465 129
1152 601
123 3
63 65
327 1193
145 1147
608 3
375 290
1372 1373
1146 1154
2675 23
97 1149
162 511
179 141
94 55
1098 25
1147 189
19 259
129 384
491 125
185 235
1157 1181
126 127
679 1181
1645 35
219 3
1626 101
182 179
24 110
276 1147
52 69
656 114
224 769
234 48
1142 1166
5 365
3735 876
199 1147
302 1741
513 1424
655 1159
1142 89
62 559
60 280
559 1043
1645 292
174 48
65 66
288 1137
45 194
1187 382
608 655
1584 199
390 90
438 95
286 280
434 25
1391 359
232 25
4081 4083
529 530
2742 109
63 22
280 473
27 1523
291 246
316 109
69 2633
1161 886
94 26
6 60
1645 125
27 31
1130 320
434 316
436 57
603 45
199 1186
288 1162
276 359
470 290
62 491
147 45
1157 831
627 2
431 13
199 1201
109 289
2512 1696
1153 868
4 312
2455 540
2350 1303
521 258
1169 125
570 1170
1025 1028
31 916
39 564
2 147
851 210
394 243
490 542
1164 1182
677 2470
696 521
1378 325
375 6
655 1135
2745 439
1559 614
231 356
2455 182
145 197
286 518
98 326
4081 224
309 113
1143 733
8 197
4 382
1281 3
1140 531
250 110
462 390
66 2484
27 29
22 40
380 473
679 231
1251 587
3 765
288 289
1120 316
124 62
184 57
52 32
1174 1164
390 147
901 1175
25 110
1753 233
383 1170
2350 458
205 197
8 199
288 291
1129 6
3 125
2745 39
259 231
901 219
528 57
1158 485
382 1
450 289
125 165
1391 398
266 320
3 45
48 49
567 292
45 187
1041 332
97 1154
547 109
3735 363
2453 2454
25 1344
28 1547
613 3735
4081 868
24 125
1753 249
655 125
608 280
1584 61
146 147
1081 236
563 184
365 2567
210 345
27 119
202 1891
1556 209
159 31
567 199
1717 1672
188 189
25 165
94 1748
339 139
509 696
547 3
2877 52
1081 2199
450 144
3 360
2749 107
3026 109
66 504
123 559
62 197
3026 1344
2036 3133
124 125
121 512
629 232
147 696
125 521
1146 1126
109 290
884 1169
1179 276
91 32
1148 89
436 3
286 1148
97 1181
350 352
4081 747
1025 467
1531 1542
1344 474
1166 380
90 31
2465 245
147 382
25 59
1169 1189
1141 280
4081 292
797 294
27 189
288 14
97 1163
1269 64
533 138
205 129
461 69
1584 95
164 338
292 522
190 191
25 61
14 1193
205 356
114 110
331 220
1150 1158
382 1191
539 127
293 626
4081 2640
1186 1199
1081 2478
50 174
555 195
60 1184
45 291
2879 165
166 167
181 482
126 559
1137 473
184 5
90 48
219 559
45 310
651 1741
434 435
35 293
450 139
173 635
273 274
531 844
559 5
9 298
608 356
1169 109
147 1171
109 291
1158 89
165 474
490 541
97 1137
5 113
1142 340
901 425
185 69
1169 356
1150 286
316 147
532 138
62 656
219 125
619 1657
267 512
65 12
509 294
661 1164
1158 522
394 209
443 442
222 55
90 69
1404 599
280 656
394 139
446 655
9 319
94 2677
61 314
60 521
28 31
452 610
276 586
363 569
147 1126
1018 62
109 5
61 139
1025 2447
2678 1414
470 175
65 394
91 119
286 147
453 334
1350 1542
288 5
1584 96
1150 1196
465 45
14 70
1158 1177
1210 2846
233 292
107 55
92 381
331 121
229 694
2455 56
97 1199
570 276
723 696
606 45
901 1133
3026 8
583 31
95 96
664 1181
90 49
797 1114
4081 1779
215 287
4081 2324
267 126
394 48
97 89
3700 614
656 108
658 39
465 178
370 1562
1175 1196
327 1147
532 512
97 901
1184 356
219 199
2137 2497
291 25
436 352
370 96
901 1155
251 197
53 29
362 338
4 62
97 91
61 4
677 346
901 1179
225 844
334 203
30 390
350 424
561 5
142 110
250 620
119 52
291 123
335 139
8 205
2367 97
452 608
38 39
125 831
2455 5
436 482
1047 1399
199 663
1120 182
1043 147
358 599
121 267
370 1748
1131 286
476 14
145 55
141 52
1210 292
1114 1166
1266 280
44 1131
533 34
288 765
2871 1593
350 184
655 491
1159 518
69 782
1391 1147
109 233
488 151
1251 861
370 1207
1147 521
66 2487
350 314
1391 356
502 182
356 1199
424 280
533 201
797 1140
3026 280
1142 661
5 424
500 327
127 291
655 219
1155 382
291 62
45 514
266 373
284 370
661 332
219 360
359 65
199 14
66 1717
1081 508
866 1202
60 290
391 254
1142 883
273 275
128 358
94 365
466 1321
901 1131
626 3
1251 1230
1129 3
30 48
25 94
363 389
1910 1255
316 25
90 174
286 831
491 246
655 292
60 3
1114 1175
197 442
14 189
302 1655
257 297
562 1054
205 290
219 335
117 195
478 290
209 33
6 135
89 632
291 474
52 1890
53 90
2294 145
327 671
140 129
45 615
439 1153
106 147
316 244
97 1134
4 125
1555 33
568 246
1391 600
2745 1129
257 627
147 397
109 473
233 316
1167 656
275 383
3026 1584
1130 402
199 231
33 73
57 183
92 69
181 182
114 831
1530 1531
225 303
178 225
331 600
232 3
562 439
601 1199
182 5
3 831
2066 55
22 254
69 283
547 360
885 246
97 32
1149 1171
199 356
106 33
195 302
128 129
227 240
1251 94
250 45
4081 4087
282 147
110 550
54 55
547 193
1645 115
251 109
4081 2772
1207 6
49 242
54 694
53 243
178 369
1193 609
604 605
2131 88
1147 14
190 138
125 1166
380 428
2367 635
153 154
199 4
546 127
288 608
97 98
24 8
765 4
66 523
277 284
4081 2040
250 236
