12 11
480 1203
436 314
861 586
324 380
51 242
33 127
279 3796
95 768
14 693
182 482
649 55
381 216
15 84
14 658
190 73
10 695
1391 64
481 326
422 512
897 898
181 316
55 587
3083 3708
2498 2499
291 633
3 4
94 370
450 6
203 649
38 41
287 691
119 91
49 48
531 2475
279 499
586 587
50 394
1054 2384
182 181
694 84
27 91
176 73
593 660
530 2462
203 185
644 1020
854 14
102 153
984 174
520 1230
51 48
51 467
561 316
778 1523
624 89
226 245
691 84
94 39
11 13
73 177
184 181
536 276
267 266
696 286
536 679
209 628
596 587
636 628
10 92
236 778
761 855
644 645
652 476
2864 1561
1206 91
280 392
9 10
19 183
3788 3133
691 746
57 181
586 596
359 536
3788 3789
306 189
2865 84
657 658
331 359
291 515
390 460
278 634
71 665
34 4092
40 827
61 60
1202 39
423 57
159 240
692 499
4 46
95 769
240 390
644 646
340 537
50 48
666 390
652 14
57 628
652 84
1438 746
704 4092
324 547
176 191
2294 2462
1537 1502
378 279
912 101
209 117
1147 94
709 445
279 815
263 617
64 39
279 692
168 188
1147 55
675 209
512 201
423 672
190 177
2217 2511
1402 3800
694 14
481 325
378 788
1147 586
378 692
771 279
145 432
475 476
1402 1400
561 423
435 423
19 179
257 536
227 173
23 2675
280 3
243 634
15 14
1402 3368
258 226
38 39
3788 2036
55 94
137 201
393 154
393 695
291 57
51 31
51 326
660 78
861 55
1147 587
85 14
993 992
378 771
38 565
48 634
602 38
1408 64
861 520
615 614
2864 1649
916 582
647 648
181 628
692 815
94 827
12 13
48 243
263 1036
159 29
905 1966
861 596
165 143
1402 3432
837 1014
916 583
378 340
306 305
378 538
84 115
1391 39
276 679
163 212
1402 1401
2498 620
1391 378
263 616
380 547
905 3707
263 2
235 48
10 240
50 242
694 2865
652 287
587 94
285 90
55 596
1402 3799
861 94
38 23
571 573
1012 1013
1599 179
359 276
85 476
861 587
596 94
245 529
321 468
1402 2890
3685 514
984 92
529 634
583 917
1391 22
667 279
574 385
837 838
119 390
450 316
917 1427
423 316
570 65
49 243
37 38
139 72
102 101
92 48
778 2511
2217 778
997 628
51 69
104 243
1206 275
291 197
10 29
173 257
378 49
436 7
897 896
1230 561
21 23
378 145
905 904
278 3796
2500 2498
145 433
2 468
586 94
1146 52
480 916
159 31
439 746
1202 827
1391 827
40 39
14 657
339 139
436 629
85 84
861 1147
158 64
92 243
287 84
2749 107
709 444
66 504
378 92
510 154
3083 904
55 586
14 84
190 176
855 378
2864 1080
234 51
1054 2383
1599 994
158 254
3083 1966
94 284
74 72
64 63
109 166
761 1595
109 429
590 117
394 46
279 3797
378 537
97 632
667 692
3083 3707
1147 596
51 147
235 174
905 3708
158 22
376 116
185 649
2748 107
480 583
561 57
1826 706
771 692
203 339
161 462
279 278
85 287
215 4092
63 844
258 48
278 3797
14 287
2862 876
1054 866
104 48
905 3083
623 305
1067 61
537 536
3133 3792
768 14
424 181
1771 876
109 167
321 359
320 1146
761 1596
51 635
771 538
258 243
14 476
692 278
178 129
153 154
1826 707
1657 746
2864 388
226 529
537 643
1599 183
139 14
1402 1780
10 174
159 52
624 88
181 436
175 197
653 107
163 164
163 86
624 552
842 73
94 40
